346265.61389321,4069669.25231117
346265.61487142,4069669.24877923
346265.61626698,4069669.25189852
346265.60017483,4069669.24256993
346265.60258188,4069669.24400633
346265.59520722,4069669.25597681
346265.59998376,4069669.24849225
346265.59466772,4069669.25080750
346265.58826462,4069669.25887623
346265.58721986,4069669.25871006
346265.58362592,4069669.25747998
346265.58570547,4069669.25725760
346265.57769814,4069669.25888142
346265.57010343,4069669.28343348
346265.56213079,4069669.27044443
346265.55884771,4069669.26994862
346265.55837003,4069669.28475442
346265.54942582,4069669.27566713
346265.54033809,4069669.28341424
346265.53567469,4069669.29718558
346265.52917650,4069669.28343014
346265.51955022,4069669.29433134
346265.51580515,4069669.30124245
346265.50609805,4069669.29938252
346265.49485993,4069669.29514560
346265.48178850,4069669.30481405
346265.48267450,4069669.30442817
346265.48343502,4069669.30533931
346265.47618726,4069669.29955086
346265.46097638,4069669.30611341
346265.44427537,4069669.32084123
346265.44233129,4069669.32032132
346265.42117170,4069669.31885246
346265.41688809,4069669.32891766
346265.39974312,4069669.33551501
346265.38960633,4069669.33458764
346265.38519626,4069669.33762644
346265.37363825,4069669.34042395
346265.35938230,4069669.34216022
346265.36190153,4069669.34155999
346265.34445234,4069669.34779289
346265.33740327,4069669.34477534
346265.32268101,4069669.34541021
346265.31781035,4069669.33939401
346265.31246104,4069669.33986021
346265.30603465,4069669.34663460
346265.29264377,4069669.33855215
346265.28902654,4069669.33602773
346265.28237484,4069669.33855198
346265.27770620,4069669.33549159
346265.26397643,4069669.34165756
346265.25439815,4069669.33868552
346265.24956838,4069669.34321160
346265.23902422,4069669.33618771
346265.22311938,4069669.34553722
346265.22138633,4069669.34020442
346265.20876693,4069669.34191124
346265.19520923,4069669.34936886
346265.19354843,4069669.33978057
346265.18250664,4069669.34645305
346265.16222640,4069669.34422850
346265.16223639,4069669.34478322
346265.14492933,4069669.35064363
346265.13655124,4069669.34820489
346265.12301491,4069669.34031002
346265.11343426,4069669.34547649
346265.10836158,4069669.33650449
346265.09600408,4069669.34449541
346265.08462480,4069669.34895439
346265.06632955,4069669.35779202
346265.06557042,4069669.34041897
346265.04627366,4069669.35149420
346265.03445374,4069669.34800761
346265.02405837,4069669.34098105
346265.01528150,4069669.34946243
346265.00149280,4069669.36062351
346264.99168824,4069669.34507792
346264.96733070,4069669.36438269
346264.96676791,4069669.35791904
346264.95482154,4069669.34740605
346264.94099528,4069669.34820977
346264.93122925,4069669.35134496
346264.91945495,4069669.34212363
346264.91498263,4069669.34997264
346264.91238591,4069669.33799664
346264.88281024,4069669.34851700
346264.86957812,4069669.34098659
346264.85411864,4069669.34200466
346264.83865154,4069669.33432951
346264.84086848,4069669.35001164
346264.82369829,4069669.33866784
346264.80800116,4069669.34301955
346264.80329258,4069669.33774030
346264.79378750,4069669.33883618
346264.78898767,4069669.34502641
346264.77049942,4069669.34313954
346264.76888284,4069669.34427842
346264.76168927,4069669.34977186
346264.75405839,4069669.34750464
346264.73482958,4069669.34581607
346264.72358104,4069669.36580976
346264.70615655,4069669.35687508
346264.69082160,4069669.34827272
346264.67457121,4069669.37150083
346264.66722458,4069669.36848864
346264.64046139,4069669.36989509
346264.63163032,4069669.36709458
346264.62492967,4069669.37516866
346264.59971081,4069669.37969173
346264.58538165,4069669.37736008
346264.57379037,4069669.37830854
346264.55869929,4069669.39152768
346264.54989580,4069669.39852981
346264.52228890,4069669.39440250
346264.51444033,4069669.39657836
346264.49662372,4069669.39893360
346264.48350237,4069669.40582848
346264.47795105,4069669.40333887
346264.45407118,4069669.40783784
346264.44142516,4069669.40806542
346264.43082400,4069669.42268347
346264.41773593,4069669.43142740
346264.40958079,4069669.44137731
346264.39756743,4069669.45195155
346264.37138604,4069669.45260767
346264.36841147,4069669.46098463
346264.35797380,4069669.45987771
346264.33921986,4069669.47630717
346264.33855584,4069669.48075828
346264.32389445,4069669.49304486
346264.30968036,4069669.51364681
346264.28901842,4069669.49848158
346264.28334117,4069669.52207431
346264.26645714,4069669.52663236
346264.26150189,4069669.53245545
346264.25637079,4069669.56158730
346264.24600633,4069669.56454830
346264.24496919,4069669.57307536
346264.24863826,4069669.59502017
346264.24301232,4069669.60492457
346264.24065378,4069669.62272366
346264.23656886,4069669.63555976
346264.23113259,4069669.65600375
346264.24647281,4069669.68143783
346264.24565099,4069669.69366032
346264.27350465,4069669.74457935
346264.26990791,4069669.77627311
346264.29188511,4069669.81490524
346264.31854234,4069669.84069055
346264.32128172,4069669.88540281
346264.35212852,4069669.94551623
346264.36222116,4069669.99361049
346264.39194614,4069670.01619619
346264.40934453,4069670.05676037
346264.42095919,4069670.11500032
346264.44376251,4069670.14991828
346264.47532893,4069670.20040057
346264.51500488,4069670.24666769
346264.54129187,4069670.30149919
346264.57526631,4069670.36174129
346264.60585548,4069670.42407894
346264.64543405,4069670.51455446
346264.69363878,4069670.57990447
346264.70281215,4069670.62653555
346264.77703671,4069670.72360123
346264.81117988,4069670.78495009
346264.84158368,4069670.84525645
346264.89983823,4069670.93151162
346264.91505584,4069670.98321295
346264.97341732,4069671.05059976
346265.01282285,4069671.13146022
346265.06444707,4069671.20488715
346265.12019519,4069671.25937343
346265.16456027,4069671.34291912
346265.20945530,4069671.40629407
346265.26965104,4069671.46809892
346265.32435824,4069671.55571268
346265.35067281,4069671.62034683
346265.42146831,4069671.68399554
346265.45934044,4069671.77061752
346265.53150487,4069671.83590628
346265.58217417,4069671.91415949
346265.61144194,4069671.98576917
346265.68898659,4069672.06057930
346265.74406358,4069672.14393221
346265.77922392,4069672.19564459
346265.85738031,4069672.27136853
346265.89682243,4069672.35426295
346265.94858351,4069672.41048568
346266.01249822,4069672.49700892
346266.07021747,4069672.52870903
346266.14178774,4069672.60233192
346266.19481986,4069672.67129437
346266.25194925,4069672.71983692
346266.32912786,4069672.77430748
346266.40706366,4069672.82950427
346266.47402799,4069672.87047123
346266.55987743,4069672.88575812
346266.61913627,4069672.93685187
346266.65367681,4069673.00374254
346266.74088808,4069673.04508500
346266.79217857,4069673.09169801
346266.84777220,4069673.15414058
346266.90389955,4069673.17181200
346266.97292538,4069673.22809397
346267.04889565,4069673.24022928
346267.13094868,4069673.27611562
346267.16599825,4069673.31340272
346267.21456654,4069673.34933675
346267.26939579,4069673.37757454
346267.34069312,4069673.37814114
346267.38490362,4069673.41174905
346267.44315379,4069673.43160185
346267.51621788,4069673.41456498
346267.56099258,4069673.43817462
346267.60149934,4069673.46445057
346267.67367173,4069673.45575318
346267.72029306,4069673.46619707
346267.76562338,4069673.46279181
346267.82027531,4069673.47290622
346267.88337521,4069673.48934237
346267.96478936,4069673.48972693
346268.07002251,4069673.47396081
346268.16473385,4069673.44414173
346268.24933361,4069673.43133644
346268.34952499,4069673.41658588
346268.45685048,4069673.36822826
346268.52028306,4069673.34526088
346268.55038633,4069673.32270831
346268.65828364,4069673.27304565
346268.78859012,4069673.19505000
346268.86498004,4069673.14780398
346268.94725397,4069673.06364403
346269.01258591,4069672.99736065
346269.09067036,4069672.93676666
346269.17850605,4069672.83086571
346269.25502095,4069672.74921395
346269.31960140,4069672.67425073
346269.37973518,4069672.60029235
346269.48981137,4069672.52284573
346269.52769948,4069672.46149538
346269.57801546,4069672.42914586
346269.62375072,4069672.38208156
346269.68742667,4069672.34782694
346269.71555828,4069672.31495181
346269.77724120,4069672.28572711
346269.83727471,4069672.23100691
346269.89092938,4069672.19397319
346269.94780057,4069672.15373717
346270.03668251,4069672.08943455
346270.10182626,4069672.05404373
346270.18321235,4069672.01151691
346270.25924292,4069671.94430115
346270.34194375,4069671.89213249
346270.45024699,4069671.80713422
346270.53332522,4069671.75939793
346270.65934334,4069671.64985045
346270.78587151,4069671.57691688
346270.92903032,4069671.45226375
346271.03862785,4069671.32340548
346271.18430967,4069671.17355171
346271.32675930,4069671.03429910
346271.44580344,4069670.88455476
346271.58754862,4069670.71442567
346271.73917442,4069670.58888033
346271.86676399,4069670.45914340
346272.00277248,4069670.28449343
346272.15020830,4069670.14940532
346272.28468437,4069669.98884027
346272.44849371,4069669.83736556
346272.60185492,4069669.65112047
346272.74377937,4069669.51576161
346272.87256675,4069669.33680244
346273.03379035,4069669.18222986
346273.20086521,4069669.02200304
346273.34065736,4069668.85912277
346273.49837069,4069668.68315742
346273.63706292,4069668.50050569
346273.79617944,4069668.33635286
346273.95011680,4069668.15731107
346274.10374473,4069667.96107309
346274.25028557,4069667.77624552
346274.40623026,4069667.60123684
346274.55846027,4069667.41001809
346274.71937639,4069667.19700212
346274.90432355,4069667.02924009
346275.10184830,4069666.84090558
346275.28059628,4069666.64292084
346275.46296435,4069666.47243076
346275.65095410,4069666.28352799
346275.84430743,4069666.10322206
346276.00929286,4069665.88476890
346276.17788080,4069665.68456247
346276.34624771,4069665.48861421
346276.52332213,4069665.25551626
346276.71004803,4069665.02945827
346276.88272760,4069664.81678557
346277.06513615,4069664.62372906
346277.29408715,4069664.44500218
346277.50655007,4069664.23494298
346277.66435531,4069664.02272292
346277.83097501,4069663.81237886
346277.99664073,4069663.61518449
346278.16883410,4069663.40030098
346278.34906856,4069663.21875146
346278.51749025,4069663.00929981
346278.67170303,4069662.77938777
346278.83867736,4069662.60529050
346279.04735344,4069662.44117082
346279.25488208,4069662.30426166
346279.43394063,4069662.13179661
346279.62887030,4069661.97291835
346279.79874890,4069661.81134647
346279.96794161,4069661.63646945
346280.13729260,4069661.48692980
346280.29603530,4069661.31852964
346280.45962774,4069661.14671284
346280.62208321,4069660.97787595
346280.76900550,4069660.83077451
346280.92426170,4069660.67538465
346281.06027482,4069660.50924316
346281.22128485,4069660.33451340
346281.38059607,4069660.16462331
346281.51950489,4069659.99399056
346281.64594114,4069659.86630916
346281.78489890,4069659.74802064
346281.95571301,4069659.61362184
346282.12185847,4069659.47616264
346282.27365908,4069659.34377065
346282.42088511,4069659.27971309
346282.57407796,4069659.15025550
346282.71910754,4069659.04683991
346282.86046762,4069658.94626483
346282.99297476,4069658.82513296
346283.11808820,4069658.72318553
346283.25823716,4069658.61319903
346283.38089509,4069658.49057970
346283.51071806,4069658.40223495
346283.63840447,4069658.27786047
346283.78761459,4069658.15864764
346283.93059504,4069658.09022734
346284.07126260,4069657.97597732
346284.20603376,4069657.84833096
346284.34835402,4069657.75976135
346284.50316395,4069657.66227366
346284.66092663,4069657.53865276
346284.82587530,4069657.40084523
346284.97493285,4069657.30623552
346285.15099085,4069657.17377705
346285.32441268,4069657.06023244
346285.49354232,4069656.93973640
346285.65858657,4069656.79896772
346285.82407759,4069656.69129975
346286.00164668,4069656.56010886
346286.18729059,4069656.43931569
346286.35805066,4069656.29363509
346286.52322895,4069656.16858604
346286.69703444,4069656.02673491
346286.88214554,4069655.90114225
346287.04374800,4069655.75932574
346287.21570113,4069655.63859397
346287.37556058,4069655.49088994
346287.54877764,4069655.34941935
346287.70794023,4069655.23742613
346287.86756109,4069655.08473235
346288.01992081,4069654.98340454
346288.17533506,4069654.82024345
346288.33875282,4069654.68005899
346288.49786842,4069654.53236837
346288.65567686,4069654.40301282
346288.80268685,4069654.26904247
346288.95671743,4069654.11996364
346289.10900970,4069654.00661434
346289.26470346,4069653.85898531
346289.40552617,4069653.71199378
346289.54044531,4069653.57602142
346289.69152700,4069653.42847538
346289.83620795,4069653.28085955
346289.98703534,4069653.13572264
346290.12246737,4069653.00344036
346290.26359005,4069652.84830499
346290.38515068,4069652.69777580
346290.52132433,4069652.51572459
346290.63718477,4069652.42060251
346290.75418374,4069652.24814456
346290.87947338,4069652.06499443
346290.98944044,4069651.86565812
346291.09781504,4069651.73497249
346291.20856966,4069651.57113529
346291.32242199,4069651.40576264
346291.42779029,4069651.20724893
346291.53326879,4069651.04794584
346291.64395637,4069650.90519587
346291.74806023,4069650.75220632
346291.85034986,4069650.54801409
346291.94761040,4069650.42825642
346292.03914141,4069650.27956232
346292.14369733,4069650.11861115
346292.22379059,4069649.95458579
346292.31568144,4069649.80107613
346292.39392472,4069649.65003161
346292.46578483,4069649.50816523
346292.56363914,4069649.34696471
346292.62733034,4069649.18119985
346292.71279478,4069649.03446457
346292.80941990,4069648.87939002
346292.88161428,4069648.68165818
346292.97761926,4069648.45075912
346293.05153577,4069648.24948197
346293.14137342,4069648.00667115
346293.21874975,4069647.84879853
346293.28227305,4069647.74814440
346293.34015561,4069647.67311693
346293.39457490,4069647.61239408
346293.45206448,4069647.48243907
346293.51313042,4069647.34446621
346293.57476235,4069647.27103597
346293.62421463,4069647.14104061
346293.67517027,4069647.06151365
346293.75147885,4069646.99318332
346293.82494496,4069646.93230275
346293.88526877,4069646.86888416
346293.96925226,4069646.66465141
346294.03843070,4069646.48953959
346294.10105244,4069646.33877615
346294.18222248,4069646.13533389
346294.24718461,4069646.04020282
346294.28952221,4069645.91181520
346294.35791341,4069645.79220705
346294.45328436,4069645.56742327
346294.55465153,4069645.36158300
346294.65304676,4069645.24698396
346294.74217268,4069645.11350031
346294.86835665,4069644.91387227
346294.99589158,4069644.67352763
346295.12831396,4069644.58902057
346295.23686292,4069644.56727627
346295.39163050,4069644.44259969
346295.53690015,4069644.29460345
346295.66235569,4069644.20337804
346295.79636154,4069644.05798901
346295.93176839,4069644.02355379
346296.04180538,4069644.09278553
346296.18198748,4069644.00943363
346296.34461897,4069644.04886453
346296.50908342,4069644.04128134
346296.72069402,4069644.06503381
346296.82223608,4069644.09224637
346296.96011930,4069644.08791591
346297.08721645,4069644.07138687
346297.24208783,4069644.07655391
346297.40607214,4069644.09191504
346297.55891201,4069644.08343123
346297.69363525,4069644.08544645
346297.82246675,4069644.11568237
346297.93250094,4069644.15994390
346298.01575337,4069644.18804043
346298.11650256,4069644.22081622
346298.20564659,4069644.27858612
346298.28552464,4069644.31765630
346298.39126278,4069644.37956681
346298.49449886,4069644.41821674
346298.63398428,4069644.46157846
346298.74388353,4069644.48179697
346298.86247639,4069644.54680558
346298.99294497,4069644.55222674
346299.04766767,4069644.63244183
346299.10799625,4069644.75953717
346299.16562076,4069644.86041614
346299.28115729,4069644.91271714
346299.34864512,4069645.08204068
346299.40710612,4069645.21286893
346299.46961829,4069645.35379737
346299.57088241,4069645.49791285
346299.68064160,4069645.62615348
346299.74675289,4069645.78514373
346299.77181149,4069646.00332155
346299.79704494,4069646.24776126
346299.81146292,4069646.45355290
346299.83725580,4069646.70427136
346299.85787900,4069646.96544086
346299.83946325,4069647.19919806
346299.83191636,4069647.41666776
346299.83786085,4069647.56508773
346299.80276968,4069647.80672851
346299.78209991,4069648.04755494
346299.76797503,4069648.24683145
346299.67766186,4069648.49630948
346299.62270365,4069648.67597450
346299.53963190,4069648.81508309
346299.47534361,4069648.96421178
346299.40142712,4069649.10759482
346299.29437139,4069649.23714682
346299.22126850,4069649.44229353
346299.12898736,4069649.56584580
346299.11743234,4069649.68461628
346299.12557020,4069649.75642126
346299.07077627,4069649.83768193
346299.02672091,4069649.92022911
346298.92307965,4069649.98313227
346298.79404779,4069650.08237548
346298.67527265,4069650.13130862
346298.56539738,4069650.23649597
346298.45307622,4069650.28845740
346298.36800256,4069650.38247056
346298.28192738,4069650.47872132
346298.19708419,4069650.59381634
346298.10759952,4069650.68254488
346298.01221274,4069650.76583066
346297.91386451,4069650.91612706
346297.78795234,4069650.97369701
346297.69284541,4069651.10562356
346297.61179247,4069651.23285809
346297.53982544,4069651.33569873
346297.45831447,4069651.38784570
346297.39409091,4069651.52402569
346297.31698470,4069651.61419621
346297.24094986,4069651.70601213
346297.17173257,4069651.82933442
346297.10042015,4069651.90238391
346297.02986958,4069652.01777669
346296.99847268,4069652.09251257
346296.89510651,4069652.22033353
346296.79152850,4069652.28674992
346296.71488620,4069652.38616035
346296.64181402,4069652.51029186
346296.58718300,4069652.65850695
346296.54347700,4069652.76046919
346296.50875790,4069652.89870785
346296.47772070,4069653.02652223
346296.42201965,4069653.21452406
346296.41144675,4069653.30516219
346296.40918341,4069653.43578823
346296.43119124,4069653.54230205
346296.46623928,4069653.59605118
346296.47136210,4069653.69879958
346296.40904580,4069653.74246274
346296.39490745,4069653.84999684
346296.38828354,4069653.95332651
346296.39778371,4069654.02640174
346296.46067914,4069654.10591487
346296.55726805,4069654.18870604
346296.60816523,4069654.29617981
346296.68479952,4069654.36175833
346296.76000725,4069654.47212407
346296.87296255,4069654.56294421
346296.94731661,4069654.66722146
346296.93698989,4069654.77154257
346296.94720533,4069654.88437241
346296.95612742,4069654.99149161
346296.87879874,4069655.10238222
346296.77940835,4069655.18647990
346296.78404731,4069655.27887896
346296.82035156,4069655.36109010
346296.86466502,4069655.45832428
346296.83829089,4069655.53925860
346296.81270057,4069655.62239839
346296.73921402,4069655.70695484
346296.70601944,4069655.78930663
346296.69817257,4069655.86602334
346296.69774606,4069655.92503486
346296.69423090,4069655.97781314
346296.69473512,4069656.02238064
346296.74450729,4069656.09214178
346296.78296814,4069656.15359803
346296.82007003,4069656.21396895
346296.84211591,4069656.30605482
346296.88205455,4069656.36692960
346296.95041586,4069656.39455418
346297.03121774,4069656.47670457
346297.12938848,4069656.57296974
346297.20145762,4069656.67432866
346297.34838822,4069656.77582039
346297.47401243,4069656.83459861
346297.70814245,4069656.96023159
346297.85760303,4069657.12789528
346298.01109643,4069657.23019377
346298.17601333,4069657.33876050
346298.29105997,4069657.44655981
346298.42302542,4069657.53518829
346298.56616151,4069657.61603222
346298.69200659,4069657.72844635
346298.82017887,4069657.83785916
346298.96140175,4069657.92817074
346299.10587442,4069658.01712910
346299.24090041,4069658.12697350
346299.34857287,4069658.22195795
346299.49848708,4069658.30730407
346299.62461027,4069658.39381810
346299.77061303,4069658.47683006
346299.90352433,4069658.56840098
346300.03834792,4069658.64218085
346300.17181532,4069658.73984562
346300.30597540,4069658.79329129
346300.47861882,4069658.84327009
346300.65475157,4069658.90520885
346300.75069777,4069658.97709870
346300.83541050,4069659.08636863
346300.92876265,4069659.22914676
346301.11036168,4069659.27230571
346301.25915992,4069659.31217054
346301.39877095,4069659.38734403
346301.48433236,4069659.57687352
346301.58786804,4069659.66527368
346301.71941665,4069659.72246565
346301.85433722,4069659.77682248
346302.00721933,4069659.85342189
346302.11845240,4069659.94778742
346302.24754405,4069660.00076940
346302.38733231,4069660.09406628
346302.49110989,4069660.18764113
346302.61411056,4069660.29085823
346302.75639105,4069660.34896692
346302.87746537,4069660.40301799
346302.99664626,4069660.52554018
346303.09205812,4069660.60909246
346303.18481861,4069660.69417217
346303.29193858,4069660.81635646
346303.34476919,4069660.94858079
346303.44064586,4069661.04969639
346303.57506814,4069661.14253494
346303.69844710,4069661.25850783
346303.82911003,4069661.34919444
346303.97584604,4069661.45642369
346304.09323123,4069661.54531457
346304.24951464,4069661.64552835
346304.38026719,4069661.79910146
346304.45957286,4069661.95526485
346304.57663849,4069662.08429890
346304.67819841,4069662.24487100
346304.83616011,4069662.36392103
346304.97909775,4069662.47510290
346305.09761786,4069662.60226113
346305.20684006,4069662.75030273
346305.31750400,4069662.87094357
346305.44010521,4069663.00986615
346305.57163875,4069663.14067453
346305.69299855,4069663.23541280
346305.82073671,4069663.33724996
346305.95715797,4069663.06141727
346306.07076865,4069662.98187294
346306.19123802,4069662.97748598
346306.30409628,4069663.02983526
346306.41601864,4069663.07979683
346306.54941420,4069663.15693186
346306.68354479,4069663.18392816
346306.80736244,4069663.29119984
346306.92117027,4069663.37978519
346307.03281962,4069663.47247860
346307.14210703,4069663.58278619
346307.26553637,4069663.67674739
346307.39166790,4069663.78027815
346307.51615050,4069663.89142216
346307.62946095,4069664.02681261
346307.74753247,4069664.10422336
346307.88932215,4069664.20950705
346308.01913614,4069664.27782822
346308.13002050,4069664.41899624
346308.29040933,4069664.48269812
346308.38884725,4069664.63518797
346308.52009761,4069664.71717072
346308.64359826,4069664.79855303
346308.75218718,4069664.96103334
346308.85652626,4069665.11064255
346308.98801004,4069665.18078335
346309.10560894,4069665.28983163
346309.24646876,4069665.41788277
346309.35125989,4069665.55953036
346309.47332712,4069665.59432728
346309.59360767,4069665.73662104
346309.69826629,4069665.84608710
346309.81819146,4069665.94381068
346309.96337668,4069666.08066233
346310.07599423,4069666.16926913
346310.17287171,4069666.29293252
346310.30689981,4069666.38041428
346310.43252746,4069666.47248632
346310.54056171,4069666.61241089
346310.65134551,4069666.68181433
346310.75810844,4069666.77589045
346310.86971538,4069666.87450355
346310.98457729,4069666.98859515
346311.10419398,4069667.07744598
346311.22252822,4069667.16946428
346311.35194421,4069667.25702902
346311.45871377,4069667.35147496
346311.55224919,4069667.47963766
346311.69830696,4069667.52436105
346311.81130702,4069667.63423197
346311.92939176,4069667.71238239
346312.03262634,4069667.80060312
346312.15184565,4069667.88391216
346312.27467312,4069667.97751432
346312.38670732,4069668.08333339
346312.48180700,4069668.21572215
346312.59166575,4069668.29161603
346312.65818846,4069668.40731716
346312.76686582,4069668.53335781
346312.89595062,4069668.58597014
346313.01675174,4069668.68275317
346313.13928255,4069668.78468411
346313.23667914,4069668.87929869
346313.33078932,4069668.97323254
346313.40224369,4069669.04870754
346313.49263238,4069669.18395554
346313.58484747,4069669.27181964
346313.70082600,4069669.34871322
346313.78948226,4069669.45384309
346313.84518266,4069669.58842039
346313.93670375,4069669.67907145
346314.01809563,4069669.77748831
346314.10592815,4069669.87819384
346314.19638244,4069670.00881654
346314.22369550,4069670.13724579
346314.33716809,4069670.21547922
346314.34713563,4069670.33108801
346314.34948388,4069670.51952512
346314.41851879,4069670.60114750
346314.46760647,4069670.73214446
346314.45437673,4069670.95637511
346314.46629318,4069671.05622681
346314.45600504,4069671.21233741
346314.54087382,4069671.33029801
346314.46366151,4069671.44766014
346314.49156301,4069671.57570888
346314.49051052,4069671.71574634
346314.48411619,4069671.77394039
346314.53832606,4069671.88357423
346314.54849585,4069671.94424476
346314.50873986,4069672.00932781
346314.50233140,4069672.14946162
346314.47957413,4069672.29081438
346314.43592616,4069672.47046079
346314.43485761,4069672.58478840
346314.38408524,4069672.70759375
346314.35128584,4069672.83673451
346314.32832658,4069672.97513146
346314.28159630,4069673.11580570
346314.18350055,4069673.24704598
346314.07962431,4069673.39614690
346314.02019928,4069673.48470443
346313.92492182,4069673.59887723
346313.78625594,4069673.66721941
346313.59928777,4069673.68131099
346313.49376434,4069673.76366917
346313.39836955,4069673.86304689
346313.27238870,4069673.92505703
346313.13241103,4069673.97011723
346313.02826102,4069674.00472973
346312.91989021,4069674.01981188
346312.78775114,4069674.06214156
346312.70839969,4069674.11850373
346312.61249710,4069674.14002032
346312.49359709,4069674.22335902
346312.42735762,4069674.24748636
346312.35469356,4069674.29503488
346312.25372075,4069674.29944093
346312.18500312,4069674.27681671
346312.05435067,4069674.36869028
346311.91111611,4069674.29062238
346311.82280894,4069674.26280163
346311.72812558,4069674.27763755
346311.58050617,4069674.31155239
346311.53399379,4069674.29888673
346311.50247423,4069674.25099294
346311.46115847,4069674.26246421
346311.45574928,4069674.25960208
346311.43143880,4069674.25671007
346311.41452391,4069674.25128046
346311.40025282,4069674.23563022
346311.36407347,4069674.23480138
346311.36300336,4069674.27458811
346311.35316264,4069674.29011725
346311.33316554,4069674.33671827
346311.36606722,4069674.29598894
346311.43796742,4069674.24734437
346311.58809551,4069674.23705991
346311.58502706,4069674.17404204
346311.57046564,4069674.13398164
346311.53116886,4069674.07568476
346311.46209288,4069674.04141419
346311.38172558,4069673.99994816
346311.31071585,4069673.99882112
346311.23289416,4069674.01612816
346311.17060684,4069673.96212917
346311.10317520,4069673.87862832
346311.02151479,4069673.77355758
346310.89003541,4069673.71192508
346310.77059534,4069673.57498018
346310.73208923,4069673.46136454
346310.64670584,4069673.41406987
346310.56838780,4069673.33760859
346310.51014462,4069673.26023125
346310.41645005,4069673.24730464
346310.43386310,4069673.12324976
346310.41909806,4069673.00569267
346310.39589852,4069672.97355620
346310.35847848,4069672.99476053
346310.28612848,4069672.95222544
346310.25212147,4069672.92324285
346310.20386664,4069672.87990434
346310.20141359,4069672.85109393
346310.13976921,4069672.84110505
346310.08288901,4069672.83121543
346310.05905502,4069672.77208548
346310.05572984,4069672.71961524
346310.05674856,4069672.69351684
346310.06695726,4069672.65708003
346310.08782167,4069672.65041586
346310.07184360,4069672.65569737
346310.06939424,4069672.66018059
346310.06610543,4069672.66763836
346310.02095290,4069672.66438146
346309.94456334,4069672.68684177
346309.94340547,4069672.68038883
346309.96612357,4069672.69403746
346309.99509087,4069672.68278834
346309.99639843,4069672.69756202
346310.01248742,4069672.64881173
346309.97610055,4069672.59508664
346309.84345307,4069672.58434054
346309.70110595,4069672.48942490
346309.55339861,4069672.38609731
346309.55595946,4069672.31335998
346309.52228383,4069672.26143576
346309.44556423,4069672.19937300
346309.43732057,4069672.09686572
346309.42474760,4069672.01015835
346309.32040279,4069672.01739958
346309.22014299,4069672.01180473
346309.14528040,4069671.97023968
346309.08124135,4069671.95123061
346309.05731088,4069671.88673841
346309.03451682,4069671.84405165
346309.05185349,4069671.80674674
346309.06810732,4069671.78370362
346309.07463835,4069671.76619941
346309.06008965,4069671.75166395
346309.03726176,4069671.73191345
346309.03722092,4069671.72137118
346308.98883911,4069671.69579161
346308.96601787,4069671.67641093
346308.92407153,4069671.63628830
346308.86066418,4069671.61930248
346308.80377973,4069671.60090455
346308.77501740,4069671.58218565
346308.72859665,4069671.59115926
346308.69898583,4069671.58318359
346308.71499087,4069671.61249005
346308.74485394,4069671.65930384
346308.76955145,4069671.63407419
346308.77052968,4069671.63054226
346308.83246313,4069671.62350914
346308.89877212,4069671.57015605
346308.90337812,4069671.54491794
346308.86514638,4069671.52100541
346308.72384507,4069671.52558216
346308.56627477,4069671.53581558
346308.37926480,4069671.53104159
346308.20459332,4069671.52549073
346308.13199012,4069671.43579414
346308.07152857,4069671.35919658
346307.99021350,4069671.29814134
346307.91653482,4069671.28929381
346307.88808263,4069671.20509170
346307.85732950,4069671.09226142
346307.85387442,4069670.94157708
346307.89770114,4069670.85459489
346307.92429338,4069670.80232627
346307.90112858,4069670.75557694
346307.90027037,4069670.55897455
346307.84357833,4069670.42718960
346307.75221333,4069670.40312321
346307.66138375,4069670.31782376
346307.60468040,4069670.29294880
346307.55651649,4069670.20503210
346307.49216084,4069670.19324237
346307.43830201,4069670.11967043
346307.37115916,4069670.07704169
346307.30768398,4069670.01492563
346307.24300287,4069669.96022987
346307.19366149,4069669.89785953
346307.14828774,4069669.80785802
346307.08961482,4069669.73141326
346307.02983392,4069669.65128913
346306.97101555,4069669.57503195
346306.97381165,4069669.50709948
346306.93406240,4069669.42365552
346306.85962061,4069669.33103257
346306.78620327,4069669.20435763
346306.70723442,4069669.13308710
346306.61363405,4069669.07576723
346306.51257877,4069668.99287134
346306.34422222,4069668.89990341
346306.22369549,4069668.74392672
346306.07017005,4069668.64810245
346305.89353301,4069668.50848735
346305.76420514,4069668.35137425
346305.63431006,4069668.23718325
346305.51311093,4069668.15964384
346305.38967979,4069668.04903584
346305.26257006,4069667.94903704
346305.16943079,4069667.87598686
346305.06479597,4069667.74302986
346305.04626467,4069667.68084508
346304.93361807,4069667.59889761
346304.89707904,4069667.54499031
346304.75580020,4069667.48464398
346304.70613258,4069667.46204701
346304.63179111,4069667.35018591
346304.52747786,4069667.28473537
346304.45754646,4069667.16983549
346304.39979629,4069667.03714477
346304.31585695,4069666.95431090
346304.24766911,4069666.82051321
346304.15671249,4069666.75297272
346304.06339356,4069666.66993767
346303.98471500,4069666.62307733
346303.88329558,4069666.53648872
346303.43529359,4069666.61705520
346303.11668013,4069666.62648682
346302.87860447,4069666.60413519
346302.66797934,4069666.57722046
346302.46005934,4069666.52695147
346302.27283837,4069666.46909644
346302.07580089,4069666.43638831
346301.91490785,4069666.32811905
346301.74015750,4069666.26855994
346301.60913534,4069666.15790361
346301.46138880,4069666.06068070
346301.30243502,4069665.96920837
346301.14673770,4069665.87675264
346300.98364663,4069665.80348133
346300.81367283,4069665.73643770
346300.68450676,4069665.63795568
346300.54277448,4069665.54413891
346300.42035047,4069665.42333979
346300.29819779,4069665.33416480
346300.16369515,4069665.26167391
346300.03599447,4069665.17019420
346299.89047235,4069665.09734668
346299.75435072,4069665.03413317
346299.62515414,4069664.95877234
346299.51807262,4069664.85526887
346299.37927633,4069664.79228845
346299.22660146,4069664.73547662
346299.10743373,4069664.67158816
346298.98674976,4069664.58960041
346298.87240903,4069664.49621566
346298.76595920,4069664.39473545
346298.64056387,4069664.28249820
346298.52812064,4069664.18704470
346298.43690073,4069664.07178802
346298.29991024,4069663.98509961
346298.13690801,4069663.90849739
346298.00175420,4069663.80808852
346297.85391429,4069663.76358238
346297.69542858,4069663.68985834
346297.56424703,4069663.60343535
346297.41193915,4069663.51739247
346297.27452320,4069663.44014495
346297.11163259,4069663.38629143
346296.98800152,4069663.32248330
346296.83521869,4069663.27621647
346296.68489613,4069663.23434452
346296.57470301,4069663.15642224
346296.45742462,4069663.10655717
346296.35120377,4069663.04262076
346296.26594010,4069662.94408876
346296.14957100,4069662.89513215
346296.05960488,4069662.81647602
346295.96394531,4069662.73570275
346295.86868071,4069662.66860978
346295.78434721,4069662.58041909
346295.67135953,4069662.55396738
346295.57921830,4069662.47849480
346295.45283976,4069662.44396060
346295.33248455,4069662.40506383
346295.21976687,4069662.36880413
346295.12882437,4069662.31032676
346295.02221558,4069662.26618861
346294.90170879,4069662.20232430
346294.81705058,4069662.13744505
346294.73445477,4069662.09620423
346294.63238248,4069662.05605369
346294.55648786,4069661.98195349
346294.47501957,4069661.91239272
346294.39959218,4069661.84771733
346294.30495540,4069661.80724805
346294.20037958,4069661.76029886
346294.09285671,4069661.73152926
346293.99658099,4069661.69922794
346293.88853671,4069661.64975164
346293.80543987,4069661.62202229
346293.72841345,4069661.56773371
346293.63498019,4069661.52798264
346293.54025026,4069661.48233603
346293.46943109,4069661.44217808
346293.36774617,4069661.40701464
346293.26495753,4069661.37668016
346293.15942810,4069661.37598940
346293.05758681,4069661.33213542
346292.98548375,4069661.31160687
346292.90574274,4069661.25533253
346292.82664197,4069661.21809806
346292.75023342,4069661.18987845
346292.64472395,4069661.19029713
346292.53988185,4069661.18644960
346292.43786412,4069661.19068972
346292.34159307,4069661.20000546
346292.21233865,4069661.22896606
346292.11277694,4069661.22909276
346292.01685906,4069661.23322314
346291.93113932,4069661.22514729
346291.84268358,4069661.23043815
346291.71838061,4069661.27817610
346291.61907507,4069661.29254051
346291.48414665,4069661.34527874
346291.31146446,4069661.45030152
346291.23942554,4069661.44160959
346291.11268123,4069661.53563274
346291.01240547,4069661.59533105
346290.93177972,4069661.63876880
346290.81401858,4069661.73577473
346290.71027387,4069661.81773126
346290.59541789,4069661.93558598
346290.51201144,4069662.00644859
346290.40050986,4069662.11222023
346290.34109309,4069662.18468582
346290.27804059,4069662.23705563
346290.24903327,4069662.30398001
346290.25599865,4069662.32716028
346290.20484924,4069662.38763935
346290.15009301,4069662.47925745
346290.07438211,4069662.53943860
346289.95294908,4069662.64742355
346289.85414014,4069662.75555632
346289.79222608,4069662.78848433
346289.68609285,4069662.88657581
346289.56171109,4069662.88030542
346289.46834044,4069662.92674699
346289.37664200,4069662.96686965
346289.27512854,4069663.01567731
346289.13968354,4069663.03143187
346289.01208474,4069663.05314910
346288.91110975,4069663.15669673
346288.79093402,4069663.24357306
346288.68900888,4069663.33566995
346288.55329134,4069663.48515915
346288.41182287,4069663.62106442
346288.25116507,4069663.72439119
346288.08757355,4069663.84663718
346287.92091188,4069663.98022128
346287.72695180,4069664.11855078
346287.60259450,4069664.32868909
346287.55292364,4069664.57059229
346287.44783126,4069664.80923851
346287.33232212,4069665.05621063
346287.16481621,4069665.26694037
346286.97604434,4069665.41239016
346286.76589280,4069665.56895263
346286.60298621,4069665.75407445
346286.46350463,4069665.91768876
346286.31952837,4069666.09618115
346286.19125736,4069666.25422976
346286.08948615,4069666.47894386
346285.95181654,4069666.64400530
346285.77738718,4069666.79252642
346285.81944504,4069667.14486794
346285.79916923,4069667.47373071
346285.70523426,4069667.70385277
346285.63814993,4069667.94569938
346285.56032329,4069668.15296586
346285.57657540,4069668.37796087
346285.48889007,4069668.55839984
346285.38474042,4069668.74190955
346285.18462552,4069668.86074356
346284.92131946,4069668.97461076
346284.80377376,4069669.13320627
346284.66327413,4069669.29813369
346284.49718251,4069669.47166007
346284.32980662,4069669.57381304
346284.18596311,4069669.72659294
346284.08314301,4069669.88473853
346283.90062468,4069670.01379896
346283.75825424,4069670.12438033
346283.61656254,4069670.27268236
346283.41877966,4069670.37223808
346283.29768379,4069670.56511603
346283.18719670,4069670.75206918
346283.01830787,4069670.89420186
346282.77596185,4069670.99844373
346282.56530479,4069671.12690072
346282.44348218,4069671.29593127
346282.31786980,4069671.48593106
346282.20866661,4069671.65325482
346282.14371191,4069671.83975860
346282.02886330,4069671.99109198
346281.85476590,4069672.14978030
346281.67839552,4069672.26485777
346281.51239720,4069672.38566749
346281.30307681,4069672.52223892
346281.11004345,4069672.63761624
346280.91809004,4069672.71376154
346280.72429000,4069672.80307259
346280.56272412,4069672.91381445
346280.39515725,4069673.07978390
346280.23980814,4069673.22999643
346280.09708462,4069673.40365731
346279.94694983,4069673.58725470
346279.83892790,4069673.76232576
346279.75397017,4069673.91238146
346279.55716991,4069674.01691366
346279.40449311,4069674.17503162
346279.34711566,4069674.32773544
346279.32015424,4069674.47526781
346279.27116865,4069674.60636468
346279.15614474,4069674.75622154
346279.04344090,4069674.86959854
346278.91644119,4069674.98249292
346278.77902663,4069675.12036003
346278.64656828,4069675.31862154
346278.52748179,4069675.53217950
346278.44926896,4069675.68488831
346278.36240000,4069675.80316442
346278.28675346,4069675.93307636
346278.17941511,4069676.07169704
346278.06487084,4069676.22339493
346277.90230355,4069676.33637446
346277.78917576,4069676.50062450
346277.70497053,4069676.66768346
346277.60220245,4069676.78735547
346277.57132012,4069676.90721365
346277.51221586,4069677.02184575
346277.46653953,4069677.12180895
346277.34235997,4069677.17638862
346277.18014872,4069677.25125895
346277.02324115,4069677.33139783
346276.85700201,4069677.39746232
346276.77625670,4069677.49213770
346276.71917543,4069677.60340403
346276.59157593,4069677.73258618
346276.45464675,4069677.80644668
346276.33815987,4069677.88326871
346276.17874024,4069677.99748639
346276.01433111,4069678.04946062
346275.92133003,4069678.11642682
346275.81903016,4069678.13805894
346275.72649870,4069678.20631145
346275.64950515,4069678.29444554
346275.56533990,4069678.40582933
346275.49199303,4069678.46504325
346275.48021686,4069678.49706915
346275.40384076,4069678.57816347
346275.35123089,4069678.67325739
346275.21152487,4069678.69204830
346275.10311947,4069678.72174379
346275.03057637,4069678.78427263
346275.03085352,4069678.86583724
346275.02702483,4069679.00869917
346274.96600790,4069679.10801361
346274.92452204,4069679.13484022
346274.85966637,4069679.14488561
346274.72911131,4069679.15944262
346274.67661503,4069679.17814393
346274.57383652,4069679.20625846
346274.47541010,4069679.24465272
346274.46396621,4069679.31995446
346274.43935967,4069679.47428819
346274.37681888,4069679.60470419
346274.16084896,4069679.70255281
346273.95966262,4069679.84452702
346273.86957675,4069679.93289673
346273.82064927,4069680.05067510
346273.80066381,4069680.13926308
346273.77350528,4069680.32545673
346273.73561244,4069680.40308408
346273.57814972,4069680.36966447
346273.39985966,4069680.26226369
346273.22211818,4069680.26805166
346272.99399655,4069680.23645847
346273.02450998,4069680.18707860
346272.98207541,4069680.24388663
346272.92599090,4069680.25340427
346272.88196436,4069680.12250140
346272.81678837,4069680.22226063
346272.80574665,4069680.34472124
346272.69604126,4069680.36833631
346272.62543796,4069680.36498270
346272.61138549,4069680.41110691
346272.50708834,4069680.42926068
346272.37523757,4069680.44624559
346272.26241498,4069680.44550138
346272.18795256,4069680.49234275
346272.12311307,4069680.52809802
346272.08587378,4069680.56761081
346271.99214643,4069680.58594431
346271.95798820,4069680.62299711
346271.79807614,4069680.59406077
346271.74616021,4069680.57057962
346271.58696973,4069680.60655304
346271.47753715,4069680.58743628
346271.42062936,4069680.56774427
346271.33567696,4069680.56094958
346271.25726407,4069680.55366728
346271.19543763,4069680.54183231
346271.10665742,4069680.51254077
346271.10304307,4069680.53498659
346270.98165990,4069680.55474260
346270.98474957,4069680.62719330
346270.93078793,4069680.69678640
346270.74657162,4069680.74800739
346270.64353270,4069680.81127002
346270.47034770,4069680.82215508
346270.26839936,4069680.80599795
346270.16861351,4069680.81019819
346269.97134142,4069680.80579468
346269.80314111,4069680.77941208
346269.62041054,4069680.69817136
346269.42026173,4069680.63315109
346269.18565707,4069680.54729493
346269.03134712,4069680.47405118
346268.80902488,4069680.41738344
346268.66134479,4069680.38175326
346268.51104559,4069680.28328209
346268.35513614,4069680.18731642
346268.23273143,4069680.15030658
346268.08104006,4069680.10679509
346267.83824223,4069680.04531683
346267.64914285,4069680.04021141
346267.49708257,4069679.95139013
346267.42368009,4069679.95789009
346267.19693770,4069679.84581242
346267.03183217,4069679.79292416
346266.82951961,4069679.71518030
346266.72154223,4069679.52882899
346266.62725280,4069679.37534011
346266.50318520,4069679.19630703
346266.37285434,4069679.09100277
346266.24119972,4069679.00310905
346266.12397110,4069678.84022983
346266.07870238,4069678.68992801
346266.02575621,4069678.53477030
346266.00647298,4069678.34811762
346265.94981737,4069678.19358156
346265.90237874,4069678.00540095
346265.86491340,4069677.83387269
346265.80812461,4069677.61404635
346265.69799362,4069677.53131425
346265.61721385,4069677.38424100
346265.40338377,4069677.40251635
346265.29625205,4069677.29623972
346265.20511596,4069677.19392943
346265.11214989,4069677.10570941
346264.99751566,4069677.02083878
346264.88385395,4069676.94038981
346264.79406928,4069676.88836571
346264.70076905,4069676.79811710
346264.62060679,4069676.70189814
346264.91856393,4069676.84302844
346265.01878066,4069676.96200713
346265.06171538,4069676.99915232
346265.06598858,4069677.01331773
346265.06681136,4069677.00941866
346265.02630040,4069677.03252847
346265.00399056,4069677.03329989
346264.94103850,4069677.00853766
346264.87954232,4069676.96543769
346264.82566844,4069676.90758831
346264.76569138,4069676.84966380
346264.70010161,4069676.74448924
346264.61850438,4069676.67604086
346264.53632063,4069676.62461983
346264.42825306,4069676.57384957
346264.30879054,4069676.53493718
346264.20961060,4069676.49011083
346264.09033153,4069676.43658290
346263.99150089,4069676.35327753
346263.88237664,4069676.28513958
346263.80532825,4069676.21309501
346263.69824598,4069676.13437731
346263.60668359,4069676.09107856
346263.52493285,4069676.03890989
346263.43669249,4069675.99000241
346263.33438490,4069675.94504739
346263.25565863,4069675.88727534
346263.18244612,4069675.82163552
346263.08203989,4069675.80790539
346262.97697252,4069675.74191402
346262.87445389,4069675.70177190
346262.77612666,4069675.65471063
346262.65589641,4069675.58140858
346262.52641162,4069675.53139370
346262.40142954,4069675.45040863
346262.27370667,4069675.34117322
346262.16580384,4069675.20032203
346262.13038844,4069675.00212192
346262.07336907,4069674.81910780
346262.00119905,4069674.56330513
346261.93869147,4069674.32342054
346261.79598055,4069674.17524227
346261.66572695,4069674.02462024
346261.52689947,4069673.89375881
346261.37067745,4069673.75562685
346261.19641447,4069673.62392342
346261.02781263,4069673.50081146
346260.91083352,4069673.40969427
346260.84919367,4069673.32553467
346260.71236070,4069673.23107547
346260.78315665,4069673.26993882
346260.75006917,4069673.21763426
346260.72693158,4069673.12279364
346260.65800972,4069673.02267313
346260.55762425,4069672.96048179
346260.52406092,4069672.88173579
346260.60068997,4069672.87258821
346260.63543234,4069672.82664652
346260.46724824,4069672.68540048
346260.27965661,4069672.54080441
346260.18500870,4069672.43356331
346260.03821850,4069672.29026758
346260.16222039,4069672.30024367
346260.20870239,4069672.27813617
346260.22348678,4069672.21479701
346260.28276358,4069672.19245925
346260.30826183,4069672.14557413
346260.38461705,4069672.11294091
346260.51120417,4069672.09290613
346260.52131991,4069672.02650658
346260.36568436,4069671.87134730
346260.40238981,4069671.81871154
346260.43303396,4069671.78486634
346260.48523314,4069671.74138497
346260.50572815,4069671.71419619
346260.52088620,4069671.67988983
346260.51176369,4069671.64435574
346260.52082952,4069671.61885237
346260.48519994,4069671.54106838
346260.49500578,4069671.48225798
346260.48994780,4069671.45756369
346260.52539799,4069671.44268340
346260.61189387,4069671.44427118
346260.63599099,4069671.46011445
346260.67384394,4069671.43816224
346260.66864856,4069671.39756342
346260.64532377,4069671.34193877
346260.61764881,4069671.29268121
346260.61356474,4069671.25594666
346260.61252041,4069671.23099517
346260.57016743,4069671.19309967
346260.55499680,4069671.11920169
346260.54157586,4069671.05156103
346260.55758494,4069671.11416106
346260.49580404,4069671.09659142
346260.42773651,4069671.09356220
346260.39770979,4069671.12036762
346260.39687842,4069671.10725006
346260.38417238,4069671.04625528
346260.40236865,4069670.98229982
346260.46086293,4069670.88340060
346260.46414921,4069670.82618725
346260.48797529,4069670.78562104
346260.47930146,4069670.74194042
346260.51645434,4069670.75551411
346260.51815593,4069670.71775061
346260.50216682,4069670.65626002
346260.49473323,4069670.67322562
346260.46805228,4069670.67093131
346260.45828722,4069670.68238991
346260.43797038,4069670.67813142
346260.45788983,4069670.67684811
346260.43490403,4069670.66486912
346260.42239347,4069670.66435440
346260.39482414,4069670.67058447
346260.37627084,4069670.70643166
346260.36058981,4069670.67859917
346260.35229921,4069670.68929138
346260.33420211,4069670.66779119
346260.35105467,4069670.62013684
346260.34149345,4069670.59330401
346260.30918795,4069670.58445217
346260.26761654,4069670.61479473
346260.25180101,4069670.59602795
346260.24273131,4069670.58823767
346260.24154249,4069670.57179718
346260.18213547,4069670.61170896
346260.12306830,4069670.64569575
346260.21179282,4069670.56437907
346260.17471370,4069670.58798203
346260.19616127,4069670.56410549
346260.20635173,4069670.54320600
346260.24141066,4069670.49004498
346260.26999094,4069670.44902328
346260.30380974,4069670.39311010
346260.38824206,4069670.30484200
346260.40121699,4069670.28981128
346260.40866720,4069670.27377021
346260.36971569,4069670.25948903
346260.34677176,4069670.26637572
346260.35012847,4069670.24615411
346260.32128476,4069670.23945956
346260.29738494,4069670.24284912
346260.26629295,4069670.23527020
346260.24884849,4069670.22522610
