346263.22933457,4069670.46327820
346263.23182051,4069670.46082891
346263.23770503,4069670.45702371
346263.24197297,4069670.45435739
346263.24373167,4069670.45284602
346263.24754663,4069670.44981793
346263.25125606,4069670.44919628
346263.25282606,4069670.44546872
346263.25656212,4069670.44632631
346263.26028390,4069670.43812087
346263.26334831,4069670.43473635
346263.26658148,4069670.43245859
346263.27080948,4069670.42757341
346263.27325550,4069670.42290526
346263.27648866,4069670.42062750
346263.27956638,4069670.41798260
346263.28444274,4069670.41604519
346263.28630696,4069670.41212738
346263.28787696,4069670.40839982
346263.29332513,4069670.40515737
346263.29804273,4069670.40266792
346263.30351752,4069670.40090471
346263.30628771,4069670.39771045
346263.31124629,4069670.39207227
346263.31634130,4069670.39401519
346263.31866184,4069670.39064406
346263.32233135,4069670.38780354
346263.32729659,4069670.38253517
346263.32880099,4069670.38343292
346263.33514515,4069670.38035931
346263.33966739,4069670.37528387
346263.34307262,4069670.37429776
346263.34807113,4069670.37087844
346263.35054710,4069670.36787444
346263.35496048,4069670.36502054
346263.35691122,4069670.36591026
346263.36171770,4069670.36008984
346263.36524841,4069670.35780672
346263.37016138,4069670.35790327
346263.36795538,4069670.35109926
346263.37242437,4069670.34306534
346263.37172278,4069670.33715908
346263.37428763,4069670.33082411
346263.37536138,4069670.32433101
346263.37470970,4069670.32119833
346263.37664616,4069670.31302502
346263.37837492,4069670.30984950
346263.37772324,4069670.30671682
346263.37731255,4069670.30043540
346263.38017494,4069670.29409508
346263.38079238,4069670.28705529
346263.37939349,4069670.28375110
346263.38002092,4069670.27726603
346263.38006654,4069670.27153129
346263.38178864,4069670.26798596
346263.38109037,4069670.26226461
346263.38201534,4069670.25577419
346263.38350644,4069670.25593232
346263.38278155,4069670.24873173
346263.38422940,4069670.24648609
346263.38644108,4069670.24533650
346263.38757805,4069670.24235659
346263.38938334,4069670.24343390
346263.39332807,4069670.24761710
346263.39509439,4069670.25479895
346263.39770013,4069670.25900626
346263.40008389,4069670.25914833
346263.39930104,4069670.26526626
346263.40138724,4069670.26541368
346263.40407714,4069670.28256703
346263.40506060,4069670.29586681
346263.40890410,4069670.31096478
346263.40960334,4069670.32500954
346263.41134067,4069670.33885066
346263.41548173,4069670.35394327
346263.41901105,4069670.36812207
346263.42388031,4069670.39060018
346263.42929907,4069670.41880232
346263.44183678,4069670.45390502
346263.44973246,4069670.48742657
346263.45827317,4069670.52371099
346263.47623532,4069670.57906223
346263.50768818,4069670.64804307
346263.52305458,4069670.69974173
346263.53749267,4069670.75774590
346263.55858913,4069670.81359562
346263.56682089,4069670.86579260
346263.59320106,4069670.92580144
346263.60911361,4069670.98303921
346263.64234278,4069671.05975662
346263.65601037,4069671.11629494
346263.67800473,4069671.18896033
346263.70793418,4069671.26425740
346263.72831669,4069671.32178466
346263.75714384,4069671.38544877
346263.77511362,4069671.44949323
346263.80278146,4069671.52316631
346263.82545219,4069671.58379680
346263.85560835,4069671.64688210
346263.89151934,4069671.75684496
346263.93265223,4069671.85099181
346263.97998479,4069671.95057605
346264.02006722,4069672.05251034
346264.06158417,4069672.15145937
346264.09509477,4069672.26035564
346264.14360090,4069672.35899393
346264.18360014,4069672.45630559
346264.23371383,4069672.56157370
346264.26679281,4069672.65475570
346264.31486924,4069672.75432655
346264.34881189,4069672.85415176
346264.39882812,4069672.94573420
346264.44407114,4069673.04498611
346264.48712480,4069673.13835854
346264.53593321,4069673.22071447
346264.57550844,4069673.31100509
346264.62930538,4069673.38938698
346264.67393139,4069673.47089335
346264.73129660,4069673.55734948
346264.78602517,4069673.62961076
346264.82289483,4069673.71014692
346264.87682959,4069673.77964801
346264.92294670,4069673.86131251
346264.97436653,4069673.93992214
346265.03567786,4069674.01409957
346265.08578961,4069674.10272086
346265.14985309,4069674.18924142
346265.21498700,4069674.26908398
346265.28468167,4069674.36253188
346265.34157252,4069674.46397873
346265.40944622,4069674.56374821
346265.48678839,4069674.66038785
346265.54963932,4069674.75395891
346265.62297354,4069674.84290215
346265.69646319,4069674.93221253
346265.75346901,4069674.99869891
346265.81974653,4069675.07593138
346265.89015985,4069675.15142474
346265.94565460,4069675.21664356
346266.00778871,4069675.28692192
346266.06790315,4069675.36075097
346266.12740726,4069675.41720428
346266.18919153,4069675.49285292
346266.26069856,4069675.56296261
346266.33321471,4069675.63952792
346266.39655233,4069675.71052449
346266.46388791,4069675.78866275
346266.54245828,4069675.87085302
346266.61800653,4069675.95050818
346266.69207271,4069676.02223650
346266.76344382,4069676.11787382
346266.84406570,4069676.21482439
346266.91887198,4069676.31113975
346266.99244812,4069676.40525767
346267.07457441,4069676.50310600
346267.14942631,4069676.59368662
346267.21143683,4069676.68190883
346267.27328526,4069676.76939409
346267.33721087,4069676.86479547
346267.39199691,4069676.94852356
346267.46347686,4069677.04193935
346267.51763785,4069677.12401400
346267.56977157,4069677.20094612
346267.62564704,4069677.27078222
346267.68763663,4069677.34957159
346267.74847068,4069677.41376952
346267.80425727,4069677.48693659
346267.85837928,4069677.57511580
346267.92223641,4069677.65017226
346267.97676482,4069677.73612457
346268.05685620,4069677.82013714
346268.14365488,4069677.89644544
346268.24022860,4069677.96184985
346268.35116473,4069678.03143497
346268.44871999,4069678.09349236
346268.56138724,4069678.15176346
346268.67067825,4069678.20436140
346268.77291783,4069678.26208030
346268.88226777,4069678.30968312
346269.00489685,4069678.34261971
346269.10996126,4069678.38364092
346269.22856575,4069678.40795658
346269.35022941,4069678.41205599
346269.44866919,4069678.43229536
346269.54324411,4069678.45278925
346269.64649798,4069678.47590143
346269.74492586,4069678.47893927
346269.84594617,4069678.48544479
346269.93473492,4069678.47385889
346270.03608273,4069678.48202321
346270.12745630,4069678.46521177
346270.23007699,4069678.44486856
346270.31715696,4069678.43756760
346270.41182595,4069678.41366819
346270.51244934,4069678.38984659
346270.61688530,4069678.37113541
346270.71807289,4069678.33731555
346270.83816842,4069678.30389529
346270.95303489,4069678.25281249
346271.07579317,4069678.20195760
346271.20216345,4069678.13679541
346271.34085224,4069678.06974686
346271.46954637,4069678.00139844
346271.61202255,4069677.92151915
346271.75635770,4069677.82089032
346271.90623087,4069677.72201149
346272.06126273,4069677.60380346
346272.22025071,4069677.47387144
346272.36334194,4069677.33719682
346272.51351929,4069677.18078838
346272.66324271,4069677.01569476
346272.82139650,4069676.84767496
346272.97228923,4069676.67312709
346273.13825641,4069676.48443557
346273.31523735,4069676.30405426
346273.49916043,4069676.14555887
346273.70700425,4069675.99310681
346273.89768789,4069675.82986564
346274.08617791,4069675.65223668
346274.27179317,4069675.48853184
346274.46202955,4069675.31697531
346274.66079088,4069675.13120804
346274.86429740,4069674.95275398
346275.06619637,4069674.76767012
346275.27129524,4069674.57845944
346275.47421570,4069674.39224741
346275.68772403,4069674.19067773
346275.89864993,4069673.98619509
346276.11752660,4069673.77694525
346276.33688526,4069673.56139793
346276.55117554,4069673.34538692
346276.76185146,4069673.15182173
346276.98386484,4069672.93493191
346277.19707475,4069672.72504421
346277.42227330,4069672.51974988
346277.63903961,4069672.30073491
346277.86102642,4069672.08236586
346278.08718564,4069671.86429168
346278.30846519,4069671.64796999
346278.52663613,4069671.42430564
346278.74089468,4069671.18998373
346278.92972714,4069670.94039732
346279.12246680,4069670.68463675
346279.32545637,4069670.43609036
346279.52823919,4069670.20086517
346279.72859168,4069669.96290925
346279.92766175,4069669.72812082
346280.12634112,4069669.48816040
346280.31682542,4069669.25593101
346280.51555234,4069669.02688268
346280.72103839,4069668.80955050
346280.92441496,4069668.59077656
346281.12427175,4069668.38316386
346281.32388140,4069668.15354478
346281.51738311,4069667.94012756
346281.71998684,4069667.72802629
346281.91319673,4069667.50666084
346282.11069549,4069667.29206193
346282.30058097,4069667.08444372
346282.48698564,4069666.88188221
346282.67533346,4069666.67151720
346282.85089597,4069666.48672247
346283.03415972,4069666.28329267
346283.20981208,4069666.10349038
346283.37778272,4069665.91032388
346283.55738363,4069665.71010440
346283.74003185,4069665.53036121
346283.90038257,4069665.34380560
346284.08608430,4069665.15179979
346284.24734339,4069664.95782924
346284.42553166,4069664.77835129
346284.59292533,4069664.56965813
346284.75490026,4069664.39065688
346284.92975081,4069664.22418655
346285.10277567,4069664.02242075
346285.25717392,4069663.85243416
346285.41941888,4069663.66362493
346285.59766044,4069663.48710548
346285.75143844,4069663.29918846
346285.92403552,4069663.11500205
346286.07591697,4069662.93747721
346286.24689749,4069662.75442969
346286.39270239,4069662.57830894
346286.55522260,4069662.39652345
346286.70485485,4069662.20979083
346286.85813615,4069662.04389361
346287.01532797,4069661.87200715
346287.15894544,4069661.70665375
346287.31323826,4069661.53907365
346287.45471680,4069661.34582903
346287.60920593,4069661.18915834
346287.75868322,4069661.03516735
346287.90057007,4069660.85634266
346288.03632851,4069660.71739572
346288.18231075,4069660.55939839
346288.31972715,4069660.40506953
346288.45514385,4069660.25540078
346288.58648608,4069660.09433751
346288.72843994,4069659.95231967
346288.85751632,4069659.78112409
346288.99112775,4069659.63037804
346289.11999070,4069659.47213387
346289.24990268,4069659.32256418
346289.38378081,4069659.16182522
346289.51600763,4069659.01683801
346289.63913483,4069658.86239635
346289.76266419,4069658.69721948
346289.87804169,4069658.54217740
346289.99822092,4069658.39759194
346290.11174989,4069658.23906878
346290.23290881,4069658.07448947
346290.35011397,4069657.91349563
346290.47018915,4069657.75485470
346290.58713335,4069657.59590018
346290.71714999,4069657.43560066
346290.83881701,4069657.29098844
346290.96467933,4069657.11485667
346291.09086770,4069656.95684562
346291.21881477,4069656.79732321
346291.33056086,4069656.63069369
346291.46961206,4069656.45968862
346291.57852567,4069656.30106357
346291.70905334,4069656.12780732
346291.83166775,4069655.96967562
346291.94915389,4069655.80775193
346292.07636044,4069655.64842781
346292.20396914,4069655.47836850
346292.32572180,4069655.33024042
346292.44780767,4069655.17581754
346292.55454103,4069655.00354432
346292.68936518,4069654.84574785
346292.80005418,4069654.68653598
346292.92520783,4069654.52891350
346293.04193681,4069654.36626359
346293.15350851,4069654.20648095
346293.27575317,4069654.05261012
346293.39243986,4069653.89587986
346293.51158017,4069653.74317468
346293.62414435,4069653.58892314
346293.73490139,4069653.41694747
346293.85183814,4069653.24929978
346293.95976363,4069653.09365198
346294.07009950,4069652.93962551
346294.16851750,4069652.79321207
346294.27093586,4069652.64580182
346294.35637700,4069652.49777222
346294.45638925,4069652.35724898
346294.54782327,4069652.22797799
346294.63768155,4069652.11038814
346294.73538657,4069651.97397565
346294.84826966,4069651.86226035
346294.93835897,4069651.74096705
346295.02361756,4069651.61587640
346295.11178462,4069651.51181944
346295.20366019,4069651.39881743
346295.27432625,4069651.28157291
346295.36188251,4069651.18492554
346295.44139722,4069651.07972951
346295.52622985,4069650.98886506
346295.59842361,4069650.87381263
346295.67054086,4069650.75450739
346295.73853932,4069650.67097450
346295.80677359,4069650.56746115
346295.85988822,4069650.45904081
346295.91978712,4069650.38027778
346295.99369582,4069650.28609555
346296.04501701,4069650.19379944
346296.09455568,4069650.12650568
346296.15857523,4069650.02861712
346296.21609183,4069649.93325010
346296.25698572,4069649.87351048
346296.30871426,4069649.78731089
346296.35971701,4069649.68558730
346296.40328131,4069649.61710628
346296.46081548,4069649.53098720
346296.51388874,4069649.43680992
346296.57523790,4069649.34766276
346296.63124013,4069649.25084327
346296.69515231,4069649.13871433
346296.77670336,4069649.03089216
346296.86310896,4069648.90337635
346296.92609893,4069648.82270807
346297.00356794,4069648.69479815
346297.07606169,4069648.57160188
346297.15462909,4069648.47992536
346297.24641343,4069648.37839285
346297.32933383,4069648.30531947
346297.41368451,4069648.22075253
346297.49439228,4069648.14050533
346297.57193488,4069648.04977207
346297.63103763,4069647.97638736
346297.70223031,4069647.89668129
346297.77611190,4069647.82580516
346297.84100458,4069647.75989985
346297.91336220,4069647.72012527
346297.98744100,4069647.66848196
346298.05443080,4069647.61160220
346298.13219097,4069647.57431993
346298.19538669,4069647.52990110
346298.26918310,4069647.49564958
346298.33518562,4069647.45007046
346298.41352760,4069647.41203786
346298.48910695,4069647.38589273
346298.57850594,4069647.35857414
346298.66385228,4069647.33761727
346298.77318130,4069647.28478485
346298.87427474,4069647.26224991
346298.98658449,4069647.22619568
346299.11498972,4069647.19965501
346299.24424197,4069647.17883303
346299.38683758,4069647.15518146
346299.53276045,4069647.14275290
346299.68716363,4069647.13017177
346299.85579471,4069647.13083710
346300.02521865,4069647.12593922
346300.19231593,4069647.09925733
346300.37620840,4069647.07134845
346300.55770326,4069647.06734319
346300.72920288,4069647.08682336
346300.91581107,4069647.16022647
346301.09240996,4069647.19015791
346301.24227368,4069647.20651302
346301.38634212,4069647.25645107
346301.51713945,4069647.30496321
346301.64185300,4069647.37929494
346301.76016579,4069647.45355687
346301.85717443,4069647.53486084
346301.95854899,4069647.60239884
346302.04613865,4069647.65649745
346302.12172153,4069647.72154005
346302.19331829,4069647.79664247
346302.27677434,4069647.90223573
346302.34101966,4069647.99060293
346302.38533124,4069648.07119032
346302.44696417,4069648.15498040
346302.48913021,4069648.20730674
346302.53392045,4069648.28141173
346302.57654373,4069648.34260816
346302.61774485,4069648.39920605
346302.64887328,4069648.46671314
346302.68455541,4069648.51434704
346302.71804432,4069648.58070187
346302.74965235,4069648.65004998
346302.78168010,4069648.71791081
346302.81483764,4069648.80720727
346302.84021607,4069648.86945382
346302.87049508,4069648.93938073
346302.89807134,4069649.02452340
346302.93953804,4069649.12069904
346302.97130427,4069649.21538451
346303.00918977,4069649.33585499
346303.03188393,4069649.43088864
346303.05650220,4069649.52533279
346303.07520839,4069649.61377945
346303.09326476,4069649.71574025
346303.09978970,4069649.82197775
346303.10662273,4069649.90397929
346303.10360986,4069649.98467825
346303.10567352,4069650.04974881
346303.10296910,4069650.13932054
346303.09726162,4069650.21914315
346303.09043432,4069650.27808486
346303.08657831,4069650.32846473
346303.08265244,4069650.37496158
346303.08076381,4069650.42715570
346303.07831481,4069650.46474766
346303.07016330,4069650.50799117
346303.06698132,4069650.55447464
346303.06204968,4069650.59470078
346303.04636285,4069650.63271587
346303.03274891,4069650.67013878
346303.01589034,4069650.72574663
346303.00221172,4069650.77611825
346302.98666553,4069650.83022277
346302.97352251,4069650.91036412
346302.95210545,4069651.00212217
346302.93095360,4069651.10034922
346302.90884588,4069651.19507914
346302.87317468,4069651.30522021
346302.82996908,4069651.41845628
346302.79151436,4069651.53105197
346302.73765909,4069651.63967056
346302.67525552,4069651.76120552
346302.62252394,4069651.86610458
346302.55229986,4069651.97483270
346302.48671930,4069652.06868007
346302.44356748,4069652.16008930
346302.39735363,4069652.24674453
346302.34510313,4069652.33702270
346302.30855740,4069652.43164245
346302.25644569,4069652.52136323
346302.22073274,4069652.61263862
346302.19308221,4069652.72189554
346302.14743445,4069652.81519932
346302.11420359,4069652.92862586
346302.06711557,4069653.03286850
346302.01682431,4069653.14105304
346301.96675023,4069653.26957982
346301.90827291,4069653.37772667
346301.85604128,4069653.51868492
346301.79382496,4069653.65889799
346301.73801271,4069653.79936578
346301.68276174,4069653.96275912
346301.63375037,4069654.13380875
346301.57911023,4069654.28979251
346301.52810820,4069654.45773354
346301.47521385,4069654.64457505
346301.41671735,4069654.81782994
346301.36726630,4069654.98925740
346301.30958966,4069655.19153705
346301.25655079,4069655.38688956
346301.21937304,4069655.59527418
346301.17781995,4069655.79208472
346301.13717284,4069655.98961882
346301.11775998,4069656.17622788
346301.10344493,4069656.38975011
346301.09244529,4069656.59729381
346301.08565798,4069656.80735124
346301.08252356,4069657.01364365
346301.08652046,4069657.21925285
346301.08898395,4069657.43062357
346301.09804924,4069657.63669648
346301.11270061,4069657.83064616
346301.13513587,4069658.03536873
346301.16304503,4069658.23000471
346301.21447571,4069658.40849547
346301.28401062,4069658.58407100
346301.36815893,4069658.76123325
346301.46482927,4069658.92300309
346301.57436189,4069659.09656424
346301.69820092,4069659.24637743
346301.85389818,4069659.39672724
346301.99542171,4069659.54511247
346302.11748206,4069659.69532760
346302.25942584,4069659.81744025
346302.39738165,4069659.93296590
346302.54255915,4069660.02801548
346302.68005919,4069660.11820913
346302.81169280,4069660.19667056
346302.94312293,4069660.28863811
346303.09505951,4069660.39540385
346303.22141255,4069660.52778512
346303.34583001,4069660.67666311
346303.47456532,4069660.82564837
346303.60122866,4069660.98354924
346303.73371148,4069661.11748492
346303.85915613,4069661.25728115
346303.99177164,4069661.36550430
346304.12386726,4069661.43655884
346304.26194094,4069661.54209429
346304.40764492,4069661.67468233
346304.55336554,4069661.80819489
346304.68808700,4069661.97556898
346304.86157992,4069662.11413084
346305.01549027,4069662.28097473
346305.18477694,4069662.44217801
346305.35375977,4069662.63612556
346305.52385961,4069662.82598379
346305.71683986,4069662.97233353
346305.91828135,4069663.12574468
346306.09067234,4069663.28578233
346306.27301419,4069663.46950144
346306.45659763,4069663.63951081
346306.62615943,4069663.80773783
346306.81505224,4069663.97506218
346306.99865137,4069664.13767267
346307.18070136,4069664.31344356
346307.35747520,4069664.49374853
346307.55400792,4069664.65557146
346307.72997558,4069664.84070004
346307.92096305,4069665.02518847
346308.10979741,4069665.17272263
346308.30219761,4069665.33646957
346308.50680288,4069665.45893469
346308.71642274,4069665.60369038
346308.90682710,4069665.74749701
346309.09429343,4069665.90171455
346309.25928871,4069666.06428986
346309.43931377,4069666.22677974
346309.59369506,4069666.37844811
346309.75514721,4069666.55089031
346309.92443095,4069666.68712345
346310.07666467,4069666.85177801
346310.24688522,4069666.99872227
346310.38761894,4069667.15285576
346310.54462255,4069667.30965598
346310.70215198,4069667.43777717
346310.85665264,4069667.56299341
346311.02223803,4069667.65083227
346311.17995763,4069667.76470774
346311.30654961,4069667.87729356
346311.47000313,4069667.97071973
346311.62158386,4069668.09080949
346311.76219893,4069668.18871577
346311.90619686,4069668.29266503
346312.05604940,4069668.39114498
346312.18945755,4069668.49380505
346312.33721631,4069668.58344435
346312.47142972,4069668.67295742
346312.58241914,4069668.77861032
346312.72443214,4069668.87149741
346312.83425704,4069668.97032756
346312.94877718,4069669.07369736
346313.04689861,4069669.17551254
346313.15333307,4069669.25960649
346313.26631371,4069669.34358267
346313.36681705,4069669.42889311
346313.47679795,4069669.50330507
346313.56390805,4069669.58867150
346313.66036930,4069669.65611306
346313.76302594,4069669.72048371
346313.86937873,4069669.78349313
346313.96293670,4069669.84673272
346314.04038446,4069669.91618102
346314.14252491,4069669.97667671
346314.21126469,4069670.05016593
346314.30536030,4069670.10192803
346314.37449651,4069670.17263565
346314.45238211,4069670.22505929
346314.53788950,4069670.28751890
346314.60597578,4069670.34122863
346314.68076609,4069670.38704922
346314.74066632,4069670.44072125
346314.81013151,4069670.49662576
346314.88229614,4069670.53712960
346314.95038059,4069670.57419251
346315.00373224,4069670.63612082
346315.06790101,4069670.66234124
346315.13287960,4069670.71703171
346315.19695557,4069670.77118352
346315.27151392,4069670.81238416
346315.33780822,4069670.86575620
346315.42036244,4069670.92124027
346315.50314859,4069670.98134430
346315.56587316,4069671.04310399
346315.64061114,4069671.09428952
346315.71088673,4069671.15387875
346315.77430862,4069671.21303638
346315.84595314,4069671.27426567
346315.89749042,4069671.34288537
346315.94224111,4069671.38998624
346315.99231783,4069671.43532662
346316.03822879,4069671.48074194
346316.06292547,4069671.53819169
346316.09580214,4069671.57052402
346316.11352202,4069671.62070069
346316.14433668,4069671.66250332
346316.17221814,4069671.69843984
346316.19879145,4069671.74438801
346316.22258457,4069671.79297570
346316.25346817,4069671.83033794
346316.27843911,4069671.88648801
346316.30865292,4069671.93625495
346316.33288332,4069671.99260331
346316.35695344,4069672.06486154
346316.40063882,4069672.13547214
346316.42163120,4069672.21037525
346316.44664331,4069672.31017633
346316.49257637,4069672.40645663
346316.51649713,4069672.50350286
346316.52952667,4069672.62386566
346316.54346974,4069672.75364523
346316.58196096,4069672.88298319
346316.57906506,4069673.03637128
346316.58454481,4069673.20033668
346316.60767152,4069673.35251677
346316.59116409,4069673.53518925
346316.58015532,4069673.69260757
346316.57320403,4069673.82738716
346316.52954938,4069674.00666375
346316.49656549,4069674.14209663
346316.45595258,4069674.29190906
346316.42035999,4069674.45605845
346316.39626037,4069674.59725038
346316.37850886,4069674.71076832
346316.36048913,4069674.85074109
346316.34720457,4069674.99747237
346316.32671402,4069675.15728085
346316.33311122,4069675.30606260
346316.32288293,4069675.46550150
346316.33673743,4069675.63172077
346316.35628777,4069675.79191870
346316.39779444,4069675.92342199
346316.43445468,4069676.05852680
346316.49038844,4069676.18126215
346316.53468103,4069676.30217231
346316.58289413,4069676.41764796
346316.63452484,4069676.52455374
346316.68673403,4069676.63052428
346316.73989152,4069676.73129874
346316.79754224,4069676.83365705
346316.86093205,4069676.93239779
346316.93193425,4069677.01583444
346316.98359066,4069677.11589605
346317.02450944,4069677.22299453
346317.07544584,4069677.29957854
346317.11504468,4069677.39948713
346317.13655598,4069677.50323545
346317.17391045,4069677.57765925
346317.19982759,4069677.66986048
346317.20009193,4069677.75900886
346317.21994822,4069677.84521528
346317.25109974,4069677.91401675
346317.26935425,4069677.98563975
346317.30104191,4069678.05942563
346317.32530887,4069678.11780795
346317.33931780,4069678.18506816
346317.35625661,4069678.25800958
346317.38385561,4069678.31133790
346317.40481622,4069678.36793005
346317.42603113,4069678.42211308
346317.45287386,4069678.48303857
346317.47999418,4069678.54284927
346317.50581634,4069678.61322634
346317.53160191,4069678.68156945
346317.57304621,4069678.72688016
346317.60839823,4069678.78099383
346317.63599390,4069678.83413725
346317.66878678,4069678.88663227
346317.68557499,4069678.94292955
346317.70705419,4069678.99525817
346317.72577649,4069679.05152066
346317.75813876,4069679.09662482
346317.78461074,4069679.15348775
346317.80520817,4069679.21471056
346317.83505395,4069679.28538518
346317.87574862,4069679.33866287
346317.90988140,4069679.39945722
346317.94049676,4069679.46327428
346317.97079460,4069679.52598726
346318.01065981,4069679.58279422
346318.05003877,4069679.63739034
346318.08891485,4069679.68885110
346318.13209639,4069679.74800294
346318.16603955,4069679.79825769
346318.21098404,4069679.86440649
346318.26123790,4069679.92787026
346318.30843308,4069679.98676493
346318.35816683,4069680.07095414
346318.42525059,4069680.11857809
346318.49200626,4069680.18932856
346318.54934244,4069680.25765898
346318.62479035,4069680.33176742
346318.69743056,4069680.39871274
346318.76774023,4069680.46847445
346318.83760357,4069680.53824420
346318.92774951,4069680.60210012
346319.01037105,4069680.66960573
346319.08494051,4069680.75279327
346319.19552448,4069680.81110249
346319.29101731,4069680.88263076
346319.39986585,4069680.94374568
346319.49099940,4069681.02940971
346319.62573355,4069681.10652085
346319.73325249,4069681.19299991
346319.87112425,4069681.27079446
346320.00827451,4069681.34157334
346320.14932106,4069681.39729995
346320.29062618,4069681.45912576
346320.43233254,4069681.50189296
346320.57464159,4069681.55334267
346320.71595635,4069681.58261447
346320.84383224,4069681.61767698
346320.97630448,4069681.66005541
346321.08621016,4069681.71375274
346321.21087585,4069681.71927860
346321.35653900,4069681.72553652
346321.48024550,4069681.72738034
346321.60673552,4069681.72676955
346321.75491093,4069681.69894872
346321.89090239,4069681.66394848
346322.00860703,4069681.65480238
346322.15136479,4069681.60710279
346322.25530035,4069681.57711838
346322.36346877,4069681.52597181
346322.47561757,4069681.47271902
346322.59743837,4069681.40283036
346322.72920633,4069681.32332953
346322.85495005,4069681.23986785
346322.96720500,4069681.15942331
346323.07045443,4069681.08302503
346323.15131269,4069681.01942220
346323.21416989,4069680.96446663
346323.28994404,4069680.90779898
346323.33811984,4069680.86402045
346323.35745233,4069680.84665589
346323.41434940,4069680.79957607
346323.44087789,4069680.76857962
346323.48192905,4069680.72585408
346323.54224314,4069680.69498972
346323.57922500,4069680.65770137
346323.59397203,4069680.64189902
346323.60922617,4069680.63774035
346323.64307043,4069680.59976858
346323.67167515,4069680.56836485
346323.68234624,4069680.55762988
346323.69220360,4069680.54302529
346323.70741358,4069680.52813943
346323.72060390,4069680.51680425
346323.73888830,4069680.49908862
346323.75616121,4069680.48305587
346323.76998987,4069680.47411374
346323.77586443,4069680.46975387
346323.78146472,4069680.46669369
346323.78508525,4069680.46940303
346323.78727033,4069680.46677421
346323.79119749,4069680.46170951
346323.79806692,4069680.45474223
346323.79905271,4069680.45990352
346323.79896623,4069680.45509598
346323.80037749,4069680.45081640
346323.80171648,4069680.45079231
346323.79984891,4069680.45452521
346323.80160097,4069680.45264404
346323.80219275,4069680.45244843
346323.80367719,4069680.45223676
346323.80230493,4069680.45041180
346323.80369715,4069680.45334619
346323.80277455,4069680.45169811
346323.80302220,4069680.44891918
346323.80424901,4069680.45093172
346323.80501950,4069680.45239758
346323.80471862,4069680.45221803
346323.80327410,4069680.45464856
346323.80048393,4069680.45673337
346323.80238476,4069680.45484952
346323.80048393,4069680.45673337
346323.80109567,4069680.45764719
346323.80302977,4069680.45761240
346323.80654053,4069680.45421987
346323.80306303,4069680.45946145
346323.80187614,4069680.45966776
346323.80381024,4069680.45963297
346323.80233578,4069680.46039935
346323.80586983,4069680.45830117
346323.80642502,4069680.45607160
346323.80686802,4069680.45587866
346323.80690461,4069680.45791262
346323.80643833,4069680.45681122
346323.81184992,4069680.45153485
346323.80778729,4069680.45734185
346323.80867662,4069680.45714088
346323.81099718,4069680.45376977
346323.81392947,4069680.45131247
346323.81424033,4069680.45204674
346323.81572144,4069680.45165017
346323.81603230,4069680.45238444
346323.81426361,4069680.45334108
346323.81589682,4069680.45312673
346323.82030690,4069680.45008796
346323.82461477,4069680.44964053
346323.82709075,4069680.44663655
346323.82929579,4069680.44511717
346323.83281321,4069680.44209445
346323.83624837,4069680.44277252
346323.83798380,4069680.43996682
346323.84078062,4069680.43825182
346323.83949818,4069680.44141930
346323.84151119,4069680.43749882
346323.84285684,4069680.43784455
346323.84581241,4069680.43668159
346323.84770992,4069680.43461284
346323.84992494,4069680.43364816
346323.85096970,4069680.43381434
346323.85283394,4069680.42989653
346323.85314147,4069680.43044590
346323.85342572,4069680.42970092
346323.85652342,4069680.42816548
346323.85594827,4069680.42928561
346323.85579617,4069680.42910339
346323.85740610,4069680.42759470
346323.85741941,4069680.42833433
346323.86051045,4069680.42642907
346323.85905262,4069680.42811998
346323.86180620,4069680.42400122
346323.86315184,4069680.42434694
346323.86169069,4069680.42585294
346323.86258335,4069680.42583689
346323.86084459,4069680.42845768
346323.86150199,4069680.42363676
346323.86457641,4069680.42080698
346323.86710561,4069680.42076148
346323.86649387,4069680.41984766
346323.86790846,4069680.41575298
346323.87103610,4069680.41588168
346323.86994476,4069680.41312684
346323.87258948,4069680.41122961
346323.87272162,4069680.41030241
346323.87565392,4069680.40784512
346323.87242074,4069680.41012286
346323.87461248,4069680.40786385
346323.87780240,4069680.40318234
346323.87836092,4069680.40113768
346323.87937908,4069680.39982461
346323.88226480,4069680.39477864
346323.88331954,4069680.39549953
346323.88392462,4069680.39604354
346323.88488955,4069680.39177198
346323.88353393,4069680.39087154
346323.88320312,4069680.38902785
346323.87718221,4069680.38525189
346323.87203399,4069680.38035045
346323.86038950,4069680.37834034
346323.84326689,4069680.37790850
346323.81707555,4069680.37800973
346323.78548503,4069680.37580354
346323.75084911,4069680.36976787
346323.70785600,4069680.37072625
346323.66688680,4069680.37664227
346323.62437328,4069680.37944167
346323.57856521,4069680.39765243
346323.55192090,4069680.39739187
346323.52954030,4069680.38595672
346323.49630506,4069680.39987208
346323.48161186,4069680.39384758
346323.46329904,4069680.39343716
346323.43040792,4069680.40993583
346323.42366308,4069680.40728269
346323.40221355,4069680.41451226
346323.32469338,4069680.49821621
346323.27369748,4069680.54241540
346323.23029826,4069680.57870940
346323.19954081,4069680.60626760
346323.16875253,4069680.62383823
346323.14485362,4069680.63555102
346323.12471980,4069680.64146217
346323.10219890,4069680.64704632
346323.07626701,4069680.66157016
346323.04884737,4069680.67612076
346323.02073948,4069680.68550472
346322.98959467,4069680.70807582
346322.97542189,4069680.71443463
346322.95897180,4069680.72656831
346322.93205593,4069680.75257768
346322.91720247,4069680.76246306
346322.89917571,4069680.77795448
346322.88664370,4069680.79279216
346322.87298377,4069680.80284104
346322.86095706,4069680.81267557
346322.84766786,4069680.82678701
346322.83023953,4069680.84245263
346322.80697898,4069680.85655848
346322.78771544,4069680.86948264
346322.76758584,4069680.88390209
346322.74946927,4069680.89440107
346322.71780828,4069680.91309720
346322.68797344,4069680.94230349
346322.66814805,4069680.95708740
346322.61993235,4069680.99864707
346322.57143149,4069681.03262831
346322.54457883,4069681.06215087
346322.49319406,4069681.11782489
346322.45576677,4069681.16344468
346322.41082929,4069681.22177720
346322.37865908,4069681.27007689
346322.33829527,4069681.30964566
346322.31477890,4069681.34262255
346322.28411218,4069681.38349660
346322.25484674,4069681.41953634
346322.23082659,4069681.44105446
346321.47863103,4069681.68727198
346321.46804643,4069681.70281449
346321.46152445,4069681.71254999
346321.45808021,4069681.71964063
346321.45791481,4069681.71871877
346321.46095928,4069681.71422485
346321.46215615,4069681.71457325
346321.46207057,4069681.71808912
346321.46304215,4069681.71418738
346321.45252891,4069681.71715098
346321.45477054,4069681.71766555
346321.45476721,4069681.71748064
346321.45664476,4069681.71430246
346321.45536232,4069681.71746994
346321.45549779,4069681.71672764
346321.45387123,4069681.71731180
346321.45650929,4069681.71504476
346321.45505479,4069681.71692057
346321.45446966,4069681.71748600
346321.45297857,4069681.71732785
346321.45460180,4069681.71655879
346321.45418541,4069681.71823097
346321.45652592,4069681.71596928
346321.45741193,4069681.71558342
346321.45807931,4069681.71131721
346321.46274037,4069681.70568441
346321.46637329,4069681.70080997
346321.47531470,4069681.68492709
346321.48113180,4069681.66910042
346321.49079049,4069681.65172492
346321.49742041,4069681.63144446
346321.50204972,4069681.60750070
346321.50967935,4069681.56833583
346321.53868593,4069681.49308815
346321.54202009,4069681.44678691
346321.54709784,4069681.38158788
346321.54895299,4069681.29443598
346321.54616040,4069681.21365651
346321.53583160,4069681.11932519
346321.52531986,4069681.01482409
346321.50292836,4069680.90350803
346321.47948786,4069680.78351749
346321.45379152,4069680.65394934
346321.42319796,4069680.51688573
346321.38488796,4069680.38107072
346321.34104814,4069680.22741358
346321.29031226,4069680.07924448
346321.22067753,4069679.92290698
346321.14791758,4069679.75830227
346321.04659766,4069679.61104315
346320.94719247,4069679.43785449
346320.83675877,4069679.27207786
346320.69993173,4069679.10344667
346320.55228057,4069678.93704481
346320.40214012,4069678.77290732
346320.22025370,4069678.60619652
346320.06564904,4069678.43381591
346319.89723898,4069678.27167177
346319.72815399,4069678.10510062
346319.57582661,4069677.92694514
346319.42190351,4069677.75936138
346319.24806279,4069677.60970760
346319.07583714,4069677.47537687
346318.89369426,4069677.35232246
346318.70763934,4069677.25171919
346318.50640287,4069677.18412785
346318.30947093,4069677.11590417
346318.13521383,4069677.05892538
346317.94227498,4069677.01412044
346317.75196754,4069676.96667866
346317.57625020,4069676.91952930
346317.41369654,4069676.85956551
346317.24181471,4069676.78571219
346317.07921357,4069676.71483632
346316.92637996,4069676.62436341
346316.78697194,4069676.52736017
346316.64317046,4069676.43432024
346316.52365525,4069676.33455458
346316.40327641,4069676.22814573
346316.28432969,4069676.12689013
346316.17511666,4069676.02897376
346316.06851174,4069675.92712620
346315.96471787,4069675.83262668
346315.85618551,4069675.73118373
346315.75230090,4069675.62336836
346315.65118409,4069675.52049726
346315.54732276,4069675.41397622
346315.45211950,4069675.30064069
346315.34973837,4069675.18539968
346315.23507679,4069675.05761701
346315.12968926,4069674.93244197
346315.01890162,4069674.79663611
346314.90709157,4069674.65363501
346314.78812602,4069674.50169935
346314.65686855,4069674.35312923
346314.50461602,4069674.19568857
346314.34345018,4069674.03914813
346314.17424283,4069673.87405900
346314.00298070,4069673.69402467
346313.82018143,4069673.52622063
346313.62480415,4069673.34588028
346313.41529973,4069673.16616402
346313.20462746,4069672.97944011
346312.97870103,4069672.79687490
346312.75480998,4069672.60336013
346312.52846864,4069672.40600519
346312.29314321,4069672.19734405
346312.05785769,4069671.99090177
346311.82205689,4069671.78890794
346311.57970565,4069671.57852356
346311.35742264,4069671.36685333
346311.12200825,4069671.16152319
346310.89941952,4069670.96595042
346310.67117301,4069670.76197106
346310.44667768,4069670.57623575
346310.22369157,4069670.37512121
346310.00563021,4069670.19130477
346309.76822879,4069670.01615971
346309.53678841,4069669.84146231
346309.30840764,4069669.67965743
346309.08349530,4069669.52037965
346308.86668916,4069669.35670185
346308.64177348,4069669.19723919
346308.42349378,4069669.04265120
346308.20097515,4069668.88407024
346307.99227278,4069668.72413094
346307.78456620,4069668.56990764
346307.59629097,4069668.39554349
346307.42187767,4069668.21408626
346307.23932821,4069668.03536491
346307.07420226,4069667.85725493
346306.91350394,4069667.68535411
346306.74550317,4069667.52116823
346306.56834809,4069667.36103131
346306.39489337,4069667.20804147
346306.20696591,4069667.06955431
346306.02419240,4069666.92801499
346305.85503408,4069666.79048492
346305.68088962,4069666.64879036
346305.51979518,4069666.51277990
346305.35482589,4069666.37646923
346305.19322949,4069666.24564683
346305.03565005,4069666.11475216
346304.87632521,4069665.98610848
346304.72235965,4069665.85755334
346304.57038142,4069665.73192189
346304.42613958,4069665.60615126
346304.27917078,4069665.48597864
346304.13931424,4069665.37233681
346303.98946544,4069665.24925657
346303.84358556,4069665.13997730
346303.70005524,4069665.02066766
346303.55607526,4069664.90118114
346303.41685373,4069664.78974747
346303.27914899,4069664.67162777
346303.13140060,4069664.55775801
346303.00312867,4069664.44279798
346302.85480513,4069664.33004836
346302.71701812,4069664.21562945
346302.57561722,4069664.09887102
346302.43598261,4069663.98929445
346302.29643023,4069663.87601710
346302.15685641,4069663.77809224
346302.02113989,4069663.67121966
346301.88503451,4069663.57582191
346301.75682188,4069663.48897551
346301.61925774,4069663.38694527
346301.48052427,4069663.29436928
346301.35099446,4069663.22530324
346301.23043930,4069663.14220334
346301.10522642,4069663.06492117
346300.97564669,4069662.99308155
346300.87113708,4069662.91672165
346300.75638367,4069662.85830269
346300.62658051,4069662.79885975
346300.50317808,4069662.73948662
346300.40025363,4069662.67678562
346300.28040613,4069662.62474713
346300.17301025,4069662.57821854
346300.04744269,4069662.52258367
346299.93380815,4069662.47672221
346299.80998692,4069662.42715977
346299.68970307,4069662.37568404
346299.55323580,4069662.32634913
346299.40760091,4069662.28032357
346299.25306177,4069662.22742954
346299.08591650,4069662.17698191
346298.91305969,4069662.13995453
346298.71965410,4069662.09404860
346298.52952160,4069662.04808380
346298.32786007,4069661.99825720
346298.11260995,4069661.94590061
346297.89472176,4069661.89581107
346297.66739742,4069661.84237698
346297.43569293,4069661.79364583
346297.19580997,4069661.75357022
346296.94450445,4069661.71554979
346296.69785519,4069661.68817356
346296.43374580,4069661.65815204
346296.17914428,4069661.65200492
346295.92697404,4069661.65691197
346295.67790815,4069661.66065338
346295.41863268,4069661.69250821
346295.17735922,4069661.72403915
346294.93169897,4069661.75990322
346294.69307209,4069661.80618376
346294.45593153,4069661.86889945
346294.22377713,4069661.93577963
346293.99757474,4069662.01087615
346293.76705304,4069662.10232732
346293.55507284,4069662.19862391
346293.34310116,4069662.31193713
346293.13712382,4069662.42754705
346292.92682623,4069662.55118820
346292.73220439,4069662.68583018
346292.54062609,4069662.80765482
346292.35035872,4069662.94443804
346292.15912123,4069663.06866110
346291.97459441,4069663.18536481
346291.78892063,4069663.30449372
346291.60255714,4069663.43491790
346291.42927271,4069663.56436690
346291.24965930,4069663.71427594
346291.08187484,4069663.85990291
346290.91419260,4069664.00293853
346290.74657263,4069664.14116395
346290.58534863,4069664.29573618
346290.42818724,4069664.44450140
346290.28042304,4069664.60271571
346290.12592395,4069664.75883164
346289.98780364,4069664.91539272
346289.84723969,4069665.06848344
346289.71429757,4069665.23161009
346289.57847546,4069665.39182913
346289.45618778,4069665.54329625
346289.34217122,4069665.71607050
346289.21542120,4069665.87594135
346289.11385438,4069666.03757865
346288.99562551,4069666.20783919
346288.87590366,4069666.36129477
346288.74908617,4069666.50914411
346288.60464221,4069666.64510291
346288.46009417,4069666.76700625
346288.31594828,4069666.87817438
346288.18203660,4069667.00395557
346288.04293770,4069667.13093989
346287.91315425,4069667.24628876
346287.79136909,4069667.36778253
346287.66684939,4069667.48618110
346287.53967500,4069667.60592219
346287.41575468,4069667.73281837
346287.29479566,4069667.85059798
346287.17086110,4069667.96843114
346287.04679867,4069668.09569981
346286.92102889,4069668.21079151
346286.79811011,4069668.33545010
346286.66893605,4069668.45985132
346286.53759687,4069668.58799079
346286.41595482,4069668.71743551
346286.28122706,4069668.84748561
346286.14568650,4069668.98198950
346286.00336447,4069669.11180633
346285.86237718,4069669.23309075
346285.71115756,4069669.35640894
346285.57168322,4069669.49560775
346285.42768902,4069669.63174348
346285.27858556,4069669.75687325
346285.13808310,4069669.89683043
346284.99361502,4069670.02317155
346284.85269524,4069670.15647750
346284.70226041,4069670.29032460
346284.55740590,4069670.42000205
346284.40934912,4069670.56194483
346284.26666400,4069670.69639234
346284.11966769,4069670.83110240
346283.96847330,4069670.97236178
346283.82178120,4069671.10743630
346283.66810420,4069671.25132987
346283.51734950,4069671.39221141
346283.36206591,4069671.53779858
346283.19964770,4069671.68388406
346283.05407358,4069671.82319267
346282.90308790,4069671.96777769
346282.75398213,4069672.10104601
346282.60679478,4069672.24167841
346282.46243991,4069672.37430636
346282.32126829,4069672.50188297
346282.17653695,4069672.63840196
346282.03106413,4069672.76679583
346281.89611547,4069672.90110419
346281.75682140,4069673.02550262
346281.61788906,4069673.16173231
346281.48641030,4069673.28210585
346281.34895813,4069673.40961555
346281.21762149,4069673.52961661
346281.08737193,4069673.64386419
346280.96522858,4069673.75371171
346280.83610031,4069673.87237829
346280.71566005,4069673.98589447
346280.59611482,4069674.09125609
346280.48112939,4069674.20189964
346280.36661597,4069674.30569100
346280.25037046,4069674.41247297
346280.14653237,4069674.51403762
346280.03197474,4069674.60710181
346279.93102235,4069674.70362048
346279.82855557,4069674.79868668
346279.71705145,4069674.87948823
346279.62128867,4069674.96666527
346279.51437428,4069675.05441291
346279.41040454,4069675.13211944
346279.31468407,4069675.21337684
346279.20968620,4069675.29184174
346279.10418022,4069675.35033956
346278.99992624,4069675.42879108
346278.88996029,4069675.48755412
346278.79502506,4069675.55455509
346278.69387116,4069675.62333264
346278.58172110,4069675.69304792
346278.47921917,4069675.76961827
346278.36608091,4069675.84231078
346278.25673336,4069675.90235746
346278.14487087,4069675.97151268
346278.03358163,4069676.02290094
346277.92822445,4069676.08139610
346277.81302233,4069676.14691212
346277.69422628,4069676.21119805
346277.58093308,4069676.25873812
346277.47241926,4069676.32376386
346277.34777244,4069676.36891871
346277.22301773,4069676.42461852
346277.10077891,4069676.47953320
346276.97151337,4069676.52440125
346276.84357208,4069676.58496749
346276.71505946,4069676.62205346
346276.58484897,4069676.67230250
346276.45109685,4069676.71595653
346276.31360628,4069676.76689148
346276.17326045,4069676.79975123
346276.05721275,4069676.84308668
346275.91233469,4069676.88046715
346275.78095872,4069676.91557004
346275.63550124,4069676.94556234
346275.50386669,4069676.97456604
346275.36960835,4069677.01489983
346275.24235391,4069677.03920059
346275.11086148,4069677.06783181
346274.97979209,4069677.09516066
346274.84025574,4069677.12338174
346274.70410370,4069677.14118388
346274.57412138,4069677.16275926
346274.43523480,4069677.17746620
346274.30969153,4069677.18934352
346274.17770524,4069677.20707071
346274.04941982,4069677.20715961
346273.91359766,4069677.21848205
346273.78432308,4069677.21322477
346273.64235354,4069677.21374489
346273.50270120,4069677.21070898
346273.36705822,4069677.19890757
346273.22896493,4069677.18326599
346273.08839236,4069677.17044349
346272.95001055,4069677.14703857
346272.81439989,4069677.12876281
346272.66955413,4069677.10177491
346272.53150219,4069677.07189028
346272.39851959,4069677.05079275
346272.25057377,4069677.03347883
346272.11222760,4069677.00378447
346271.96661799,4069676.97570054
346271.81865553,4069676.95746210
346271.68027039,4069676.93387229
346271.52886847,4069676.90644750
346271.39423838,4069676.87650131
346271.26157662,4069676.85669278
346271.12979326,4069676.82780516
346270.99789867,4069676.80927759
346270.86587195,4069676.79167722
346270.74028492,4069676.76804209
346270.61678172,4069676.75269289
346270.48792493,4069676.72930157
346270.36457954,4069676.70618100
346270.24668659,4069676.68832630
346270.12839723,4069676.67325321
346270.01882912,4069676.65487877
346269.90350435,4069676.63087401
346269.78931848,4069676.62053618
346269.66840008,4069676.59996145
346269.57261593,4069676.58670296
346269.47169588,4069676.56095927
346269.35424926,4069676.54309655
346269.25730387,4069676.52320021
346269.15064475,4069676.50107414
346269.05094390,4069676.46864977
346268.95322468,4069676.44710267
346268.85987797,4069676.41215941
346268.76101180,4069676.39303751
346268.67338041,4069676.37796763
346268.58734230,4069676.36046453
346268.49441721,4069676.34068082
346268.40590980,4069676.32655154
346268.32803112,4069676.30760685
346268.24218172,4069676.29231994
346268.16970130,4069676.26735923
346268.08929342,4069676.24846006
346268.01769331,4069676.23106708
346267.94393379,4069676.20945876
346267.87415131,4069676.18555929
346267.79958565,4069676.16877457
346267.71750033,4069676.13936258
346267.63939633,4069676.11616776
346267.56094155,4069676.09001981
346267.46827408,4069676.06801190
346267.37583332,4069676.03379221
346267.27413277,4069676.00602797
346267.16846989,4069675.96483259
346267.05620855,4069675.92911994
346266.93565898,4069675.89596099
346266.80628211,4069675.83540110
346266.67211207,4069675.78140125
346266.52060407,4069675.72327425
346266.36495599,4069675.65837804
346266.20974328,4069675.58459569
346266.04379676,4069675.49324985
346265.88549109,4069675.40472595
346265.71181482,4069675.31388915
346265.54241122,4069675.20410902
346265.35741505,4069675.08795076
346265.18285890,4069674.96476092
346265.00731263,4069674.82790148
346264.84907436,4069674.69350504
346264.70350347,4069674.54352855
346264.55794685,4069674.40261509
346264.41737114,4069674.24903437
346264.28465161,4069674.10197101
346264.16456381,4069673.94561705
346264.04331243,4069673.79076375
346263.93683319,4069673.63804915
346263.83376154,4069673.47620995
346263.73607344,4069673.32407701
346263.64133757,4069673.17059619
346263.55104740,4069673.00778710
346263.46743222,4069672.84374811
346263.37025934,4069672.68716674
346263.28073161,4069672.54191562
346263.17229399,4069672.37961810
346263.07286047,4069672.22973615
346262.96809664,4069672.07310643
346262.85261659,4069671.90816117
346262.73126769,4069671.73962222
346262.59958995,4069671.56775482
346262.46995849,4069671.39381598
346262.33856736,4069671.21306510
346262.20438842,4069671.02626055
346262.05933407,4069670.85537375
346261.89602106,4069670.69535854
346261.74174351,4069670.53296116
346261.60082354,4069670.37679716
346261.47406066,4069670.22167315
346261.33250189,4069670.08790143
346261.18998155,4069669.95858618
346261.05944224,4069669.82517105
346260.91869528,4069669.67862213
346260.79939409,4069669.54944392
346260.69151071,4069669.43448751
346260.57217720,4069669.31178366
346260.45213973,4069669.19131206
346260.35156734,4069669.08565730
346260.22919367,4069668.97595572
346260.11277009,4069668.85782364
346260.00325874,4069668.75991332
346259.90463804,4069668.66347169
346259.81522722,4069668.55780103
346259.72595713,4069668.46821980
346259.62862315,4069668.37711901
346259.53370855,4069668.27987083
346259.44748151,4069668.20225756
346259.38005027,4069668.12708052
346259.29407753,4069668.04705813
346259.22254376,4069667.97546926
346259.13193660,4069667.90255895
346259.06870868,4069667.83766431
346258.99346976,4069667.77520540
346258.92211665,4069667.72192482
346258.87226062,4069667.67232660
346258.80333355,4069667.61326843
346258.76036547,4069667.57427422
346258.70331157,4069667.52166113
346258.65376736,4069667.48112058
346258.60491713,4069667.43779307
346258.56326475,4069667.39748043
346258.53452697,4069667.36359411
346258.48678805,4069667.32413086
346258.45770711,4069667.29598464
346258.44068804,4069667.27649966
346258.41214896,4069667.24538424
346258.37876679,4069667.21805528
346258.35263573,4069667.19669967
346258.34152211,4069667.18284234
346258.32930813,4069667.17399886
346258.32904385,4069667.17585327
346258.33823904,4069667.18234653
346258.33884413,4069667.18289053
346258.33660250,4069667.18237598
346258.33494265,4069667.18111109
346258.33958801,4069667.18287714
346258.33687342,4069667.18089138
346258.33941262,4069667.18140058
346258.33585861,4069667.18238937
346258.32553644,4069667.17943073
346258.32354909,4069667.17650705
346258.32171815,4069667.18227392
346258.32273297,4069667.18077593
346258.32197578,4069667.18004970
346258.32158268,4069667.18301622
346258.32302387,4069667.18040077
346258.32227000,4069667.17985944
346258.32586727,4069667.18127442
346258.32316932,4069667.18021318
346258.32510009,4069667.17999347
346258.32093101,4069667.17988354
346258.32061681,4069667.17896437
346258.32237884,4069667.17763790
346258.32150615,4069667.17876340
346258.32195914,4069667.17912517
346258.32166491,4069667.17931543
346258.32075894,4069667.17859188
346258.32181701,4069667.17949766
346258.32168155,4069667.18023996
346258.32340697,4069667.17687954
346258.32431960,4069667.17797290
346258.32312273,4069667.17762451
346258.32487145,4069667.17555842
346258.32635589,4069667.17534675
346258.32441181,4069667.17482684
346258.32636587,4069667.17590146
346258.32639915,4069667.17775051
346258.32583399,4069667.17942537
346258.32771152,4069667.17624717
346258.32894832,4069667.17881443
346258.32584065,4069667.17979518
346258.32494133,4069667.17944143
346258.32616482,4069667.18126907
346258.32633689,4069667.18256073
346258.32499457,4069667.18239992
346258.32723288,4069667.18272957
346258.32601605,4069667.18127174
346258.32664110,4069667.18292518
346258.32532873,4069667.18442852
346258.32464377,4069667.17944679
346258.32513337,4069667.18184252
346258.32512338,4069667.18128781
346258.32497461,4069667.18129049
346258.32469369,4069667.18222037
346258.32525219,4069667.18017570
346258.32509676,4069667.17980857
